,AnkleAccelerometer: x-axis (g),,,,,,,,,,,,,,,,,,AnkleAccelerometer: y-axis (g),,,,,,,,,,,,,,,,,,AnkleAccelerometer: z-axis (g),,,,,,,,,,,,,,,,,,AnkleAngularVelocity: x-axis (deg/s),,,,,,,,,,,,,,,,,,AnkleAngularVelocity: y-axis (deg/s),,,,,,,,,,,,,,,,,,AnkleAngularVelocity: z-axis (deg/s),,,,,,,,,,,,,,,,,,AnkleLuminosity: illuminance (lx),,,,,,,,,,,,,,,,,,RightPocketAccelerometer: x-axis (g),,,,,,,,,,,,,,,,,,RightPocketAccelerometer: y-axis (g),,,,,,,,,,,,,,,,,,RightPocketAccelerometer: z-axis (g),,,,,,,,,,,,,,,,,,RightPocketAngularVelocity: x-axis (deg/s),,,,,,,,,,,,,,,,,,RightPocketAngularVelocity: y-axis (deg/s),,,,,,,,,,,,,,,,,,RightPocketAngularVelocity: z-axis (deg/s),,,,,,,,,,,,,,,,,,RightPocketLuminosity: illuminance (lx),,,,,,,,,,,,,,,,,,BeltAccelerometer: x-axis (g),,,,,,,,,,,,,,,,,,BeltAccelerometer: y-axis (g),,,,,,,,,,,,,,,,,,BeltAccelerometer: z-axis (g),,,,,,,,,,,,,,,,,,BeltAngularVelocity: x-axis (deg/s),,,,,,,,,,,,,,,,,,BeltAngularVelocity: y-axis (deg/s),,,,,,,,,,,,,,,,,,BeltAngularVelocity: z-axis (deg/s),,,,,,,,,,,,,,,,,,BeltLuminosity: illuminance (lx),,,,,,,,,,,,,,,,,,NeckAccelerometer: x-axis (g),,,,,,,,,,,,,,,,,,NeckAccelerometer: y-axis (g),,,,,,,,,,,,,,,,,,NeckAccelerometer: z-axis (g),,,,,,,,,,,,,,,,,,NeckAngularVelocity: x-axis (deg/s),,,,,,,,,,,,,,,,,,NeckAngularVelocity: y-axis (deg/s),,,,,,,,,,,,,,,,,,NeckAngularVelocity: z-axis (deg/s),,,,,,,,,,,,,,,,,,NeckLuminosity: illuminance (lx),,,,,,,,,,,,,,,,,,WristAccelerometer: x-axis (g),,,,,,,,,,,,,,,,,,WristAccelerometer: y-axis (g),,,,,,,,,,,,,,,,,,WristAccelerometer: z-axis (g),,,,,,,,,,,,,,,,,,WristAngularVelocity: x-axis (deg/s),,,,,,,,,,,,,,,,,,WristAngularVelocity: y-axis (deg/s),,,,,,,,,,,,,,,,,,WristAngularVelocity: z-axis (deg/s),,,,,,,,,,,,,,,,,,WristLuminosity: illuminance (lx),,,,,,,,,,,,,,,,,,BrainSensor,,,,,,,,,,,,,,,,,,Infrared1,,,,,,,,,,,,,,,,,,Infrared2,,,,,,,,,,,,,,,,,,Infrared3,,,,,,,,,,,,,,,,,,Infrared4,,,,,,,,,,,,,,,,,,Infrared5,,,,,,,,,,,,,,,,,,Infrared6,,,,,,,,,,,,,,,,,,,,,
Timestamp,AnkleAccelerometer: x-axis (g)Mean,AnkleAccelerometer: x-axis (g)StandardDeviation,AnkleAccelerometer: x-axis (g)RootMeanSquare,AnkleAccelerometer: x-axis (g)MaximalAmplitude,AnkleAccelerometer: x-axis (g)MinimalAmplitude,AnkleAccelerometer: x-axis (g)Median,AnkleAccelerometer: x-axis (g)Number of zero-crossing,AnkleAccelerometer: x-axis (g)Skewness,AnkleAccelerometer: x-axis (g)Kurtosis,AnkleAccelerometer: x-axis (g)First Quartile,AnkleAccelerometer: x-axis (g)Third Quartile,AnkleAccelerometer: x-axis (g)Autocorrelation,AnkleAccelerometer: x-axis (g)Mean Frequency,AnkleAccelerometer: x-axis (g)Median Frequency,AnkleAccelerometer: x-axis (g)Entropy,AnkleAccelerometer: x-axis (g)Energy,AnkleAccelerometer: x-axis (g)Principal Frequency,AnkleAccelerometer: x-axis (g)Spectral Centroid,AnkleAccelerometer: y-axis (g)Mean,AnkleAccelerometer: y-axis (g)StandardDeviation,AnkleAccelerometer: y-axis (g)RootMeanSquare,AnkleAccelerometer: y-axis (g)MaximalAmplitude,AnkleAccelerometer: y-axis (g)MinimalAmplitude,AnkleAccelerometer: y-axis (g)Median,AnkleAccelerometer: y-axis (g)Number of zero-crossing,AnkleAccelerometer: y-axis (g)Skewness,AnkleAccelerometer: y-axis (g)Kurtosis,AnkleAccelerometer: y-axis (g)First Quartile,AnkleAccelerometer: y-axis (g)Third Quartile,AnkleAccelerometer: y-axis (g)Autocorrelation,AnkleAccelerometer: y-axis (g)Mean Frequency,AnkleAccelerometer: y-axis (g)Median Frequency,AnkleAccelerometer: y-axis (g)Entropy,AnkleAccelerometer: y-axis (g)Energy,AnkleAccelerometer: y-axis (g)Principal Frequency,AnkleAccelerometer: y-axis (g)Spectral Centroid,AnkleAccelerometer: z-axis (g)Mean,AnkleAccelerometer: z-axis (g)StandardDeviation,AnkleAccelerometer: z-axis (g)RootMeanSquare,AnkleAccelerometer: z-axis (g)MaximalAmplitude,AnkleAccelerometer: z-axis (g)MinimalAmplitude,AnkleAccelerometer: z-axis (g)Median,AnkleAccelerometer: z-axis (g)Number of zero-crossing,AnkleAccelerometer: z-axis (g)Skewness,AnkleAccelerometer: z-axis (g)Kurtosis,AnkleAccelerometer: z-axis (g)First Quartile,AnkleAccelerometer: z-axis (g)Third Quartile,AnkleAccelerometer: z-axis (g)Autocorrelation,AnkleAccelerometer: z-axis (g)Mean Frequency,AnkleAccelerometer: z-axis (g)Median Frequency,AnkleAccelerometer: z-axis (g)Entropy,AnkleAccelerometer: z-axis (g)Energy,AnkleAccelerometer: z-axis (g)Principal Frequency,AnkleAccelerometer: z-axis (g)Spectral Centroid,AnkleAngularVelocity: x-axis (deg/s)Mean,AnkleAngularVelocity: x-axis (deg/s)StandardDeviation,AnkleAngularVelocity: x-axis (deg/s)RootMeanSquare,AnkleAngularVelocity: x-axis (deg/s)MaximalAmplitude,AnkleAngularVelocity: x-axis (deg/s)MinimalAmplitude,AnkleAngularVelocity: x-axis (deg/s)Median,AnkleAngularVelocity: x-axis (deg/s)Number of zero-crossing,AnkleAngularVelocity: x-axis (deg/s)Skewness,AnkleAngularVelocity: x-axis (deg/s)Kurtosis,AnkleAngularVelocity: x-axis (deg/s)First Quartile,AnkleAngularVelocity: x-axis (deg/s)Third Quartile,AnkleAngularVelocity: x-axis (deg/s)Autocorrelation,AnkleAngularVelocity: x-axis (deg/s)Mean Frequency,AnkleAngularVelocity: x-axis (deg/s)Median Frequency,AnkleAngularVelocity: x-axis (deg/s)Entropy,AnkleAngularVelocity: x-axis (deg/s)Energy,AnkleAngularVelocity: x-axis (deg/s)Principal Frequency,AnkleAngularVelocity: x-axis (deg/s)Spectral Centroid,AnkleAngularVelocity: y-axis (deg/s)Mean,AnkleAngularVelocity: y-axis (deg/s)StandardDeviation,AnkleAngularVelocity: y-axis (deg/s)RootMeanSquare,AnkleAngularVelocity: y-axis (deg/s)MaximalAmplitude,AnkleAngularVelocity: y-axis (deg/s)MinimalAmplitude,AnkleAngularVelocity: y-axis (deg/s)Median,AnkleAngularVelocity: y-axis (deg/s)Number of zero-crossing,AnkleAngularVelocity: y-axis (deg/s)Skewness,AnkleAngularVelocity: y-axis (deg/s)Kurtosis,AnkleAngularVelocity: y-axis (deg/s)First Quartile,AnkleAngularVelocity: y-axis (deg/s)Third Quartile,AnkleAngularVelocity: y-axis (deg/s)Autocorrelation,AnkleAngularVelocity: y-axis (deg/s)Mean Frequency,AnkleAngularVelocity: y-axis (deg/s)Median Frequency,AnkleAngularVelocity: y-axis (deg/s)Entropy,AnkleAngularVelocity: y-axis (deg/s)Energy,AnkleAngularVelocity: y-axis (deg/s)Principal Frequency,AnkleAngularVelocity: y-axis (deg/s)Spectral Centroid,AnkleAngularVelocity: z-axis (deg/s)Mean,AnkleAngularVelocity: z-axis (deg/s)StandardDeviation,AnkleAngularVelocity: z-axis (deg/s)RootMeanSquare,AnkleAngularVelocity: z-axis (deg/s)MaximalAmplitude,AnkleAngularVelocity: z-axis (deg/s)MinimalAmplitude,AnkleAngularVelocity: z-axis (deg/s)Median,AnkleAngularVelocity: z-axis (deg/s)Number of zero-crossing,AnkleAngularVelocity: z-axis (deg/s)Skewness,AnkleAngularVelocity: z-axis (deg/s)Kurtosis,AnkleAngularVelocity: z-axis (deg/s)First Quartile,AnkleAngularVelocity: z-axis (deg/s)Third Quartile,AnkleAngularVelocity: z-axis (deg/s)Autocorrelation,AnkleAngularVelocity: z-axis (deg/s)Mean Frequency,AnkleAngularVelocity: z-axis (deg/s)Median Frequency,AnkleAngularVelocity: z-axis (deg/s)Entropy,AnkleAngularVelocity: z-axis (deg/s)Energy,AnkleAngularVelocity: z-axis (deg/s)Principal Frequency,AnkleAngularVelocity: z-axis (deg/s)Spectral Centroid,AnkleLuminosity: illuminance (lx)Mean,AnkleLuminosity: illuminance (lx)StandardDeviation,AnkleLuminosity: illuminance (lx)RootMeanSquare,AnkleLuminosity: illuminance (lx)MaximalAmplitude,AnkleLuminosity: illuminance (lx)MinimalAmplitude,AnkleLuminosity: illuminance (lx)Median,AnkleLuminosity: illuminance (lx)Number of zero-crossing,AnkleLuminosity: illuminance (lx)Skewness,AnkleLuminosity: illuminance (lx)Kurtosis,AnkleLuminosity: illuminance (lx)First Quartile,AnkleLuminosity: illuminance (lx)Third Quartile,AnkleLuminosity: illuminance (lx)Autocorrelation,AnkleLuminosity: illuminance (lx)Mean Frequency,AnkleLuminosity: illuminance (lx)Median Frequency,AnkleLuminosity: illuminance (lx)Entropy,AnkleLuminosity: illuminance (lx)Energy,AnkleLuminosity: illuminance (lx)Principal Frequency,AnkleLuminosity: illuminance (lx)Spectral Centroid,RightPocketAccelerometer: x-axis (g)Mean,RightPocketAccelerometer: x-axis (g)StandardDeviation,RightPocketAccelerometer: x-axis (g)RootMeanSquare,RightPocketAccelerometer: x-axis (g)MaximalAmplitude,RightPocketAccelerometer: x-axis (g)MinimalAmplitude,RightPocketAccelerometer: x-axis (g)Median,RightPocketAccelerometer: x-axis (g)Number of zero-crossing,RightPocketAccelerometer: x-axis (g)Skewness,RightPocketAccelerometer: x-axis (g)Kurtosis,RightPocketAccelerometer: x-axis (g)First Quartile,RightPocketAccelerometer: x-axis (g)Third Quartile,RightPocketAccelerometer: x-axis (g)Autocorrelation,RightPocketAccelerometer: x-axis (g)Mean Frequency,RightPocketAccelerometer: x-axis (g)Median Frequency,RightPocketAccelerometer: x-axis (g)Entropy,RightPocketAccelerometer: x-axis (g)Energy,RightPocketAccelerometer: x-axis (g)Principal Frequency,RightPocketAccelerometer: x-axis (g)Spectral Centroid,RightPocketAccelerometer: y-axis (g)Mean,RightPocketAccelerometer: y-axis (g)StandardDeviation,RightPocketAccelerometer: y-axis (g)RootMeanSquare,RightPocketAccelerometer: y-axis (g)MaximalAmplitude,RightPocketAccelerometer: y-axis (g)MinimalAmplitude,RightPocketAccelerometer: y-axis (g)Median,RightPocketAccelerometer: y-axis (g)Number of zero-crossing,RightPocketAccelerometer: y-axis (g)Skewness,RightPocketAccelerometer: y-axis (g)Kurtosis,RightPocketAccelerometer: y-axis (g)First Quartile,RightPocketAccelerometer: y-axis (g)Third Quartile,RightPocketAccelerometer: y-axis (g)Autocorrelation,RightPocketAccelerometer: y-axis (g)Mean Frequency,RightPocketAccelerometer: y-axis (g)Median Frequency,RightPocketAccelerometer: y-axis (g)Entropy,RightPocketAccelerometer: y-axis (g)Energy,RightPocketAccelerometer: y-axis (g)Principal Frequency,RightPocketAccelerometer: y-axis (g)Spectral Centroid,RightPocketAccelerometer: z-axis (g)Mean,RightPocketAccelerometer: z-axis (g)StandardDeviation,RightPocketAccelerometer: z-axis (g)RootMeanSquare,RightPocketAccelerometer: z-axis (g)MaximalAmplitude,RightPocketAccelerometer: z-axis (g)MinimalAmplitude,RightPocketAccelerometer: z-axis (g)Median,RightPocketAccelerometer: z-axis (g)Number of zero-crossing,RightPocketAccelerometer: z-axis (g)Skewness,RightPocketAccelerometer: z-axis (g)Kurtosis,RightPocketAccelerometer: z-axis (g)First Quartile,RightPocketAccelerometer: z-axis (g)Third Quartile,RightPocketAccelerometer: z-axis (g)Autocorrelation,RightPocketAccelerometer: z-axis (g)Mean Frequency,RightPocketAccelerometer: z-axis (g)Median Frequency,RightPocketAccelerometer: z-axis (g)Entropy,RightPocketAccelerometer: z-axis (g)Energy,RightPocketAccelerometer: z-axis (g)Principal Frequency,RightPocketAccelerometer: z-axis (g)Spectral Centroid,RightPocketAngularVelocity: x-axis (deg/s)Mean,RightPocketAngularVelocity: x-axis (deg/s)StandardDeviation,RightPocketAngularVelocity: x-axis (deg/s)RootMeanSquare,RightPocketAngularVelocity: x-axis (deg/s)MaximalAmplitude,RightPocketAngularVelocity: x-axis (deg/s)MinimalAmplitude,RightPocketAngularVelocity: x-axis (deg/s)Median,RightPocketAngularVelocity: x-axis (deg/s)Number of zero-crossing,RightPocketAngularVelocity: x-axis (deg/s)Skewness,RightPocketAngularVelocity: x-axis (deg/s)Kurtosis,RightPocketAngularVelocity: x-axis (deg/s)First Quartile,RightPocketAngularVelocity: x-axis (deg/s)Third Quartile,RightPocketAngularVelocity: x-axis (deg/s)Autocorrelation,RightPocketAngularVelocity: x-axis (deg/s)Mean Frequency,RightPocketAngularVelocity: x-axis (deg/s)Median Frequency,RightPocketAngularVelocity: x-axis (deg/s)Entropy,RightPocketAngularVelocity: x-axis (deg/s)Energy,RightPocketAngularVelocity: x-axis (deg/s)Principal Frequency,RightPocketAngularVelocity: x-axis (deg/s)Spectral Centroid,RightPocketAngularVelocity: y-axis (deg/s)Mean,RightPocketAngularVelocity: y-axis (deg/s)StandardDeviation,RightPocketAngularVelocity: y-axis (deg/s)RootMeanSquare,RightPocketAngularVelocity: y-axis (deg/s)MaximalAmplitude,RightPocketAngularVelocity: y-axis (deg/s)MinimalAmplitude,RightPocketAngularVelocity: y-axis (deg/s)Median,RightPocketAngularVelocity: y-axis (deg/s)Number of zero-crossing,RightPocketAngularVelocity: y-axis (deg/s)Skewness,RightPocketAngularVelocity: y-axis (deg/s)Kurtosis,RightPocketAngularVelocity: y-axis (deg/s)First Quartile,RightPocketAngularVelocity: y-axis (deg/s)Third Quartile,RightPocketAngularVelocity: y-axis (deg/s)Autocorrelation,RightPocketAngularVelocity: y-axis (deg/s)Mean Frequency,RightPocketAngularVelocity: y-axis (deg/s)Median Frequency,RightPocketAngularVelocity: y-axis (deg/s)Entropy,RightPocketAngularVelocity: y-axis (deg/s)Energy,RightPocketAngularVelocity: y-axis (deg/s)Principal Frequency,RightPocketAngularVelocity: y-axis (deg/s)Spectral Centroid,RightPocketAngularVelocity: z-axis (deg/s)Mean,RightPocketAngularVelocity: z-axis (deg/s)StandardDeviation,RightPocketAngularVelocity: z-axis (deg/s)RootMeanSquare,RightPocketAngularVelocity: z-axis (deg/s)MaximalAmplitude,RightPocketAngularVelocity: z-axis (deg/s)MinimalAmplitude,RightPocketAngularVelocity: z-axis (deg/s)Median,RightPocketAngularVelocity: z-axis (deg/s)Number of zero-crossing,RightPocketAngularVelocity: z-axis (deg/s)Skewness,RightPocketAngularVelocity: z-axis (deg/s)Kurtosis,RightPocketAngularVelocity: z-axis (deg/s)First Quartile,RightPocketAngularVelocity: z-axis (deg/s)Third Quartile,RightPocketAngularVelocity: z-axis (deg/s)Autocorrelation,RightPocketAngularVelocity: z-axis (deg/s)Mean Frequency,RightPocketAngularVelocity: z-axis (deg/s)Median Frequency,RightPocketAngularVelocity: z-axis (deg/s)Entropy,RightPocketAngularVelocity: z-axis (deg/s)Energy,RightPocketAngularVelocity: z-axis (deg/s)Principal Frequency,RightPocketAngularVelocity: z-axis (deg/s)Spectral Centroid,RightPocketLuminosity: illuminance (lx)Mean,RightPocketLuminosity: illuminance (lx)StandardDeviation,RightPocketLuminosity: illuminance (lx)RootMeanSquare,RightPocketLuminosity: illuminance (lx)MaximalAmplitude,RightPocketLuminosity: illuminance (lx)MinimalAmplitude,RightPocketLuminosity: illuminance (lx)Median,RightPocketLuminosity: illuminance (lx)Number of zero-crossing,RightPocketLuminosity: illuminance (lx)Skewness,RightPocketLuminosity: illuminance (lx)Kurtosis,RightPocketLuminosity: illuminance (lx)First Quartile,RightPocketLuminosity: illuminance (lx)Third Quartile,RightPocketLuminosity: illuminance (lx)Autocorrelation,RightPocketLuminosity: illuminance (lx)Mean Frequency,RightPocketLuminosity: illuminance (lx)Median Frequency,RightPocketLuminosity: illuminance (lx)Entropy,RightPocketLuminosity: illuminance (lx)Energy,RightPocketLuminosity: illuminance (lx)Principal Frequency,RightPocketLuminosity: illuminance (lx)Spectral Centroid,BeltAccelerometer: x-axis (g)Mean,BeltAccelerometer: x-axis (g)StandardDeviation,BeltAccelerometer: x-axis (g)RootMeanSquare,BeltAccelerometer: x-axis (g)MaximalAmplitude,BeltAccelerometer: x-axis (g)MinimalAmplitude,BeltAccelerometer: x-axis (g)Median,BeltAccelerometer: x-axis (g)Number of zero-crossing,BeltAccelerometer: x-axis (g)Skewness,BeltAccelerometer: x-axis (g)Kurtosis,BeltAccelerometer: x-axis (g)First Quartile,BeltAccelerometer: x-axis (g)Third Quartile,BeltAccelerometer: x-axis (g)Autocorrelation,BeltAccelerometer: x-axis (g)Mean Frequency,BeltAccelerometer: x-axis (g)Median Frequency,BeltAccelerometer: x-axis (g)Entropy,BeltAccelerometer: x-axis (g)Energy,BeltAccelerometer: x-axis (g)Principal Frequency,BeltAccelerometer: x-axis (g)Spectral Centroid,BeltAccelerometer: y-axis (g)Mean,BeltAccelerometer: y-axis (g)StandardDeviation,BeltAccelerometer: y-axis (g)RootMeanSquare,BeltAccelerometer: y-axis (g)MaximalAmplitude,BeltAccelerometer: y-axis (g)MinimalAmplitude,BeltAccelerometer: y-axis (g)Median,BeltAccelerometer: y-axis (g)Number of zero-crossing,BeltAccelerometer: y-axis (g)Skewness,BeltAccelerometer: y-axis (g)Kurtosis,BeltAccelerometer: y-axis (g)First Quartile,BeltAccelerometer: y-axis (g)Third Quartile,BeltAccelerometer: y-axis (g)Autocorrelation,BeltAccelerometer: y-axis (g)Mean Frequency,BeltAccelerometer: y-axis (g)Median Frequency,BeltAccelerometer: y-axis (g)Entropy,BeltAccelerometer: y-axis (g)Energy,BeltAccelerometer: y-axis (g)Principal Frequency,BeltAccelerometer: y-axis (g)Spectral Centroid,BeltAccelerometer: z-axis (g)Mean,BeltAccelerometer: z-axis (g)StandardDeviation,BeltAccelerometer: z-axis (g)RootMeanSquare,BeltAccelerometer: z-axis (g)MaximalAmplitude,BeltAccelerometer: z-axis (g)MinimalAmplitude,BeltAccelerometer: z-axis (g)Median,BeltAccelerometer: z-axis (g)Number of zero-crossing,BeltAccelerometer: z-axis (g)Skewness,BeltAccelerometer: z-axis (g)Kurtosis,BeltAccelerometer: z-axis (g)First Quartile,BeltAccelerometer: z-axis (g)Third Quartile,BeltAccelerometer: z-axis (g)Autocorrelation,BeltAccelerometer: z-axis (g)Mean Frequency,BeltAccelerometer: z-axis (g)Median Frequency,BeltAccelerometer: z-axis (g)Entropy,BeltAccelerometer: z-axis (g)Energy,BeltAccelerometer: z-axis (g)Principal Frequency,BeltAccelerometer: z-axis (g)Spectral Centroid,BeltAngularVelocity: x-axis (deg/s)Mean,BeltAngularVelocity: x-axis (deg/s)StandardDeviation,BeltAngularVelocity: x-axis (deg/s)RootMeanSquare,BeltAngularVelocity: x-axis (deg/s)MaximalAmplitude,BeltAngularVelocity: x-axis (deg/s)MinimalAmplitude,BeltAngularVelocity: x-axis (deg/s)Median,BeltAngularVelocity: x-axis (deg/s)Number of zero-crossing,BeltAngularVelocity: x-axis (deg/s)Skewness,BeltAngularVelocity: x-axis (deg/s)Kurtosis,BeltAngularVelocity: x-axis (deg/s)First Quartile,BeltAngularVelocity: x-axis (deg/s)Third Quartile,BeltAngularVelocity: x-axis (deg/s)Autocorrelation,BeltAngularVelocity: x-axis (deg/s)Mean Frequency,BeltAngularVelocity: x-axis (deg/s)Median Frequency,BeltAngularVelocity: x-axis (deg/s)Entropy,BeltAngularVelocity: x-axis (deg/s)Energy,BeltAngularVelocity: x-axis (deg/s)Principal Frequency,BeltAngularVelocity: x-axis (deg/s)Spectral Centroid,BeltAngularVelocity: y-axis (deg/s)Mean,BeltAngularVelocity: y-axis (deg/s)StandardDeviation,BeltAngularVelocity: y-axis (deg/s)RootMeanSquare,BeltAngularVelocity: y-axis (deg/s)MaximalAmplitude,BeltAngularVelocity: y-axis (deg/s)MinimalAmplitude,BeltAngularVelocity: y-axis (deg/s)Median,BeltAngularVelocity: y-axis (deg/s)Number of zero-crossing,BeltAngularVelocity: y-axis (deg/s)Skewness,BeltAngularVelocity: y-axis (deg/s)Kurtosis,BeltAngularVelocity: y-axis (deg/s)First Quartile,BeltAngularVelocity: y-axis (deg/s)Third Quartile,BeltAngularVelocity: y-axis (deg/s)Autocorrelation,BeltAngularVelocity: y-axis (deg/s)Mean Frequency,BeltAngularVelocity: y-axis (deg/s)Median Frequency,BeltAngularVelocity: y-axis (deg/s)Entropy,BeltAngularVelocity: y-axis (deg/s)Energy,BeltAngularVelocity: y-axis (deg/s)Principal Frequency,BeltAngularVelocity: y-axis (deg/s)Spectral Centroid,BeltAngularVelocity: z-axis (deg/s)Mean,BeltAngularVelocity: z-axis (deg/s)StandardDeviation,BeltAngularVelocity: z-axis (deg/s)RootMeanSquare,BeltAngularVelocity: z-axis (deg/s)MaximalAmplitude,BeltAngularVelocity: z-axis (deg/s)MinimalAmplitude,BeltAngularVelocity: z-axis (deg/s)Median,BeltAngularVelocity: z-axis (deg/s)Number of zero-crossing,BeltAngularVelocity: z-axis (deg/s)Skewness,BeltAngularVelocity: z-axis (deg/s)Kurtosis,BeltAngularVelocity: z-axis (deg/s)First Quartile,BeltAngularVelocity: z-axis (deg/s)Third Quartile,BeltAngularVelocity: z-axis (deg/s)Autocorrelation,BeltAngularVelocity: z-axis (deg/s)Mean Frequency,BeltAngularVelocity: z-axis (deg/s)Median Frequency,BeltAngularVelocity: z-axis (deg/s)Entropy,BeltAngularVelocity: z-axis (deg/s)Energy,BeltAngularVelocity: z-axis (deg/s)Principal Frequency,BeltAngularVelocity: z-axis (deg/s)Spectral Centroid,BeltLuminosity: illuminance (lx)Mean,BeltLuminosity: illuminance (lx)StandardDeviation,BeltLuminosity: illuminance (lx)RootMeanSquare,BeltLuminosity: illuminance (lx)MaximalAmplitude,BeltLuminosity: illuminance (lx)MinimalAmplitude,BeltLuminosity: illuminance (lx)Median,BeltLuminosity: illuminance (lx)Number of zero-crossing,BeltLuminosity: illuminance (lx)Skewness,BeltLuminosity: illuminance (lx)Kurtosis,BeltLuminosity: illuminance (lx)First Quartile,BeltLuminosity: illuminance (lx)Third Quartile,BeltLuminosity: illuminance (lx)Autocorrelation,BeltLuminosity: illuminance (lx)Mean Frequency,BeltLuminosity: illuminance (lx)Median Frequency,BeltLuminosity: illuminance (lx)Entropy,BeltLuminosity: illuminance (lx)Energy,BeltLuminosity: illuminance (lx)Principal Frequency,BeltLuminosity: illuminance (lx)Spectral Centroid,NeckAccelerometer: x-axis (g)Mean,NeckAccelerometer: x-axis (g)StandardDeviation,NeckAccelerometer: x-axis (g)RootMeanSquare,NeckAccelerometer: x-axis (g)MaximalAmplitude,NeckAccelerometer: x-axis (g)MinimalAmplitude,NeckAccelerometer: x-axis (g)Median,NeckAccelerometer: x-axis (g)Number of zero-crossing,NeckAccelerometer: x-axis (g)Skewness,NeckAccelerometer: x-axis (g)Kurtosis,NeckAccelerometer: x-axis (g)First Quartile,NeckAccelerometer: x-axis (g)Third Quartile,NeckAccelerometer: x-axis (g)Autocorrelation,NeckAccelerometer: x-axis (g)Mean Frequency,NeckAccelerometer: x-axis (g)Median Frequency,NeckAccelerometer: x-axis (g)Entropy,NeckAccelerometer: x-axis (g)Energy,NeckAccelerometer: x-axis (g)Principal Frequency,NeckAccelerometer: x-axis (g)Spectral Centroid,NeckAccelerometer: y-axis (g)Mean,NeckAccelerometer: y-axis (g)StandardDeviation,NeckAccelerometer: y-axis (g)RootMeanSquare,NeckAccelerometer: y-axis (g)MaximalAmplitude,NeckAccelerometer: y-axis (g)MinimalAmplitude,NeckAccelerometer: y-axis (g)Median,NeckAccelerometer: y-axis (g)Number of zero-crossing,NeckAccelerometer: y-axis (g)Skewness,NeckAccelerometer: y-axis (g)Kurtosis,NeckAccelerometer: y-axis (g)First Quartile,NeckAccelerometer: y-axis (g)Third Quartile,NeckAccelerometer: y-axis (g)Autocorrelation,NeckAccelerometer: y-axis (g)Mean Frequency,NeckAccelerometer: y-axis (g)Median Frequency,NeckAccelerometer: y-axis (g)Entropy,NeckAccelerometer: y-axis (g)Energy,NeckAccelerometer: y-axis (g)Principal Frequency,NeckAccelerometer: y-axis (g)Spectral Centroid,NeckAccelerometer: z-axis (g)Mean,NeckAccelerometer: z-axis (g)StandardDeviation,NeckAccelerometer: z-axis (g)RootMeanSquare,NeckAccelerometer: z-axis (g)MaximalAmplitude,NeckAccelerometer: z-axis (g)MinimalAmplitude,NeckAccelerometer: z-axis (g)Median,NeckAccelerometer: z-axis (g)Number of zero-crossing,NeckAccelerometer: z-axis (g)Skewness,NeckAccelerometer: z-axis (g)Kurtosis,NeckAccelerometer: z-axis (g)First Quartile,NeckAccelerometer: z-axis (g)Third Quartile,NeckAccelerometer: z-axis (g)Autocorrelation,NeckAccelerometer: z-axis (g)Mean Frequency,NeckAccelerometer: z-axis (g)Median Frequency,NeckAccelerometer: z-axis (g)Entropy,NeckAccelerometer: z-axis (g)Energy,NeckAccelerometer: z-axis (g)Principal Frequency,NeckAccelerometer: z-axis (g)Spectral Centroid,NeckAngularVelocity: x-axis (deg/s)Mean,NeckAngularVelocity: x-axis (deg/s)StandardDeviation,NeckAngularVelocity: x-axis (deg/s)RootMeanSquare,NeckAngularVelocity: x-axis (deg/s)MaximalAmplitude,NeckAngularVelocity: x-axis (deg/s)MinimalAmplitude,NeckAngularVelocity: x-axis (deg/s)Median,NeckAngularVelocity: x-axis (deg/s)Number of zero-crossing,NeckAngularVelocity: x-axis (deg/s)Skewness,NeckAngularVelocity: x-axis (deg/s)Kurtosis,NeckAngularVelocity: x-axis (deg/s)First Quartile,NeckAngularVelocity: x-axis (deg/s)Third Quartile,NeckAngularVelocity: x-axis (deg/s)Autocorrelation,NeckAngularVelocity: x-axis (deg/s)Mean Frequency,NeckAngularVelocity: x-axis (deg/s)Median Frequency,NeckAngularVelocity: x-axis (deg/s)Entropy,NeckAngularVelocity: x-axis (deg/s)Energy,NeckAngularVelocity: x-axis (deg/s)Principal Frequency,NeckAngularVelocity: x-axis (deg/s)Spectral Centroid,NeckAngularVelocity: y-axis (deg/s)Mean,NeckAngularVelocity: y-axis (deg/s)StandardDeviation,NeckAngularVelocity: y-axis (deg/s)RootMeanSquare,NeckAngularVelocity: y-axis (deg/s)MaximalAmplitude,NeckAngularVelocity: y-axis (deg/s)MinimalAmplitude,NeckAngularVelocity: y-axis (deg/s)Median,NeckAngularVelocity: y-axis (deg/s)Number of zero-crossing,NeckAngularVelocity: y-axis (deg/s)Skewness,NeckAngularVelocity: y-axis (deg/s)Kurtosis,NeckAngularVelocity: y-axis (deg/s)First Quartile,NeckAngularVelocity: y-axis (deg/s)Third Quartile,NeckAngularVelocity: y-axis (deg/s)Autocorrelation,NeckAngularVelocity: y-axis (deg/s)Mean Frequency,NeckAngularVelocity: y-axis (deg/s)Median Frequency,NeckAngularVelocity: y-axis (deg/s)Entropy,NeckAngularVelocity: y-axis (deg/s)Energy,NeckAngularVelocity: y-axis (deg/s)Principal Frequency,NeckAngularVelocity: y-axis (deg/s)Spectral Centroid,NeckAngularVelocity: z-axis (deg/s)Mean,NeckAngularVelocity: z-axis (deg/s)StandardDeviation,NeckAngularVelocity: z-axis (deg/s)RootMeanSquare,NeckAngularVelocity: z-axis (deg/s)MaximalAmplitude,NeckAngularVelocity: z-axis (deg/s)MinimalAmplitude,NeckAngularVelocity: z-axis (deg/s)Median,NeckAngularVelocity: z-axis (deg/s)Number of zero-crossing,NeckAngularVelocity: z-axis (deg/s)Skewness,NeckAngularVelocity: z-axis (deg/s)Kurtosis,NeckAngularVelocity: z-axis (deg/s)First Quartile,NeckAngularVelocity: z-axis (deg/s)Third Quartile,NeckAngularVelocity: z-axis (deg/s)Autocorrelation,NeckAngularVelocity: z-axis (deg/s)Mean Frequency,NeckAngularVelocity: z-axis (deg/s)Median Frequency,NeckAngularVelocity: z-axis (deg/s)Entropy,NeckAngularVelocity: z-axis (deg/s)Energy,NeckAngularVelocity: z-axis (deg/s)Principal Frequency,NeckAngularVelocity: z-axis (deg/s)Spectral Centroid,NeckLuminosity: illuminance (lx)Mean,NeckLuminosity: illuminance (lx)StandardDeviation,NeckLuminosity: illuminance (lx)RootMeanSquare,NeckLuminosity: illuminance (lx)MaximalAmplitude,NeckLuminosity: illuminance (lx)MinimalAmplitude,NeckLuminosity: illuminance (lx)Median,NeckLuminosity: illuminance (lx)Number of zero-crossing,NeckLuminosity: illuminance (lx)Skewness,NeckLuminosity: illuminance (lx)Kurtosis,NeckLuminosity: illuminance (lx)First Quartile,NeckLuminosity: illuminance (lx)Third Quartile,NeckLuminosity: illuminance (lx)Autocorrelation,NeckLuminosity: illuminance (lx)Mean Frequency,NeckLuminosity: illuminance (lx)Median Frequency,NeckLuminosity: illuminance (lx)Entropy,NeckLuminosity: illuminance (lx)Energy,NeckLuminosity: illuminance (lx)Principal Frequency,NeckLuminosity: illuminance (lx)Spectral Centroid,WristAccelerometer: x-axis (g)Mean,WristAccelerometer: x-axis (g)StandardDeviation,WristAccelerometer: x-axis (g)RootMeanSquare,WristAccelerometer: x-axis (g)MaximalAmplitude,WristAccelerometer: x-axis (g)MinimalAmplitude,WristAccelerometer: x-axis (g)Median,WristAccelerometer: x-axis (g)Number of zero-crossing,WristAccelerometer: x-axis (g)Skewness,WristAccelerometer: x-axis (g)Kurtosis,WristAccelerometer: x-axis (g)First Quartile,WristAccelerometer: x-axis (g)Third Quartile,WristAccelerometer: x-axis (g)Autocorrelation,WristAccelerometer: x-axis (g)Mean Frequency,WristAccelerometer: x-axis (g)Median Frequency,WristAccelerometer: x-axis (g)Entropy,WristAccelerometer: x-axis (g)Energy,WristAccelerometer: x-axis (g)Principal Frequency,WristAccelerometer: x-axis (g)Spectral Centroid,WristAccelerometer: y-axis (g)Mean,WristAccelerometer: y-axis (g)StandardDeviation,WristAccelerometer: y-axis (g)RootMeanSquare,WristAccelerometer: y-axis (g)MaximalAmplitude,WristAccelerometer: y-axis (g)MinimalAmplitude,WristAccelerometer: y-axis (g)Median,WristAccelerometer: y-axis (g)Number of zero-crossing,WristAccelerometer: y-axis (g)Skewness,WristAccelerometer: y-axis (g)Kurtosis,WristAccelerometer: y-axis (g)First Quartile,WristAccelerometer: y-axis (g)Third Quartile,WristAccelerometer: y-axis (g)Autocorrelation,WristAccelerometer: y-axis (g)Mean Frequency,WristAccelerometer: y-axis (g)Median Frequency,WristAccelerometer: y-axis (g)Entropy,WristAccelerometer: y-axis (g)Energy,WristAccelerometer: y-axis (g)Principal Frequency,WristAccelerometer: y-axis (g)Spectral Centroid,WristAccelerometer: z-axis (g)Mean,WristAccelerometer: z-axis (g)StandardDeviation,WristAccelerometer: z-axis (g)RootMeanSquare,WristAccelerometer: z-axis (g)MaximalAmplitude,WristAccelerometer: z-axis (g)MinimalAmplitude,WristAccelerometer: z-axis (g)Median,WristAccelerometer: z-axis (g)Number of zero-crossing,WristAccelerometer: z-axis (g)Skewness,WristAccelerometer: z-axis (g)Kurtosis,WristAccelerometer: z-axis (g)First Quartile,WristAccelerometer: z-axis (g)Third Quartile,WristAccelerometer: z-axis (g)Autocorrelation,WristAccelerometer: z-axis (g)Mean Frequency,WristAccelerometer: z-axis (g)Median Frequency,WristAccelerometer: z-axis (g)Entropy,WristAccelerometer: z-axis (g)Energy,WristAccelerometer: z-axis (g)Principal Frequency,WristAccelerometer: z-axis (g)Spectral Centroid,WristAngularVelocity: x-axis (deg/s)Mean,WristAngularVelocity: x-axis (deg/s)StandardDeviation,WristAngularVelocity: x-axis (deg/s)RootMeanSquare,WristAngularVelocity: x-axis (deg/s)MaximalAmplitude,WristAngularVelocity: x-axis (deg/s)MinimalAmplitude,WristAngularVelocity: x-axis (deg/s)Median,WristAngularVelocity: x-axis (deg/s)Number of zero-crossing,WristAngularVelocity: x-axis (deg/s)Skewness,WristAngularVelocity: x-axis (deg/s)Kurtosis,WristAngularVelocity: x-axis (deg/s)First Quartile,WristAngularVelocity: x-axis (deg/s)Third Quartile,WristAngularVelocity: x-axis (deg/s)Autocorrelation,WristAngularVelocity: x-axis (deg/s)Mean Frequency,WristAngularVelocity: x-axis (deg/s)Median Frequency,WristAngularVelocity: x-axis (deg/s)Entropy,WristAngularVelocity: x-axis (deg/s)Energy,WristAngularVelocity: x-axis (deg/s)Principal Frequency,WristAngularVelocity: x-axis (deg/s)Spectral Centroid,WristAngularVelocity: y-axis (deg/s)Mean,WristAngularVelocity: y-axis (deg/s)StandardDeviation,WristAngularVelocity: y-axis (deg/s)RootMeanSquare,WristAngularVelocity: y-axis (deg/s)MaximalAmplitude,WristAngularVelocity: y-axis (deg/s)MinimalAmplitude,WristAngularVelocity: y-axis (deg/s)Median,WristAngularVelocity: y-axis (deg/s)Number of zero-crossing,WristAngularVelocity: y-axis (deg/s)Skewness,WristAngularVelocity: y-axis (deg/s)Kurtosis,WristAngularVelocity: y-axis (deg/s)First Quartile,WristAngularVelocity: y-axis (deg/s)Third Quartile,WristAngularVelocity: y-axis (deg/s)Autocorrelation,WristAngularVelocity: y-axis (deg/s)Mean Frequency,WristAngularVelocity: y-axis (deg/s)Median Frequency,WristAngularVelocity: y-axis (deg/s)Entropy,WristAngularVelocity: y-axis (deg/s)Energy,WristAngularVelocity: y-axis (deg/s)Principal Frequency,WristAngularVelocity: y-axis (deg/s)Spectral Centroid,WristAngularVelocity: z-axis (deg/s)Mean,WristAngularVelocity: z-axis (deg/s)StandardDeviation,WristAngularVelocity: z-axis (deg/s)RootMeanSquare,WristAngularVelocity: z-axis (deg/s)MaximalAmplitude,WristAngularVelocity: z-axis (deg/s)MinimalAmplitude,WristAngularVelocity: z-axis (deg/s)Median,WristAngularVelocity: z-axis (deg/s)Number of zero-crossing,WristAngularVelocity: z-axis (deg/s)Skewness,WristAngularVelocity: z-axis (deg/s)Kurtosis,WristAngularVelocity: z-axis (deg/s)First Quartile,WristAngularVelocity: z-axis (deg/s)Third Quartile,WristAngularVelocity: z-axis (deg/s)Autocorrelation,WristAngularVelocity: z-axis (deg/s)Mean Frequency,WristAngularVelocity: z-axis (deg/s)Median Frequency,WristAngularVelocity: z-axis (deg/s)Entropy,WristAngularVelocity: z-axis (deg/s)Energy,WristAngularVelocity: z-axis (deg/s)Principal Frequency,WristAngularVelocity: z-axis (deg/s)Spectral Centroid,WristLuminosity: illuminance (lx)Mean,WristLuminosity: illuminance (lx)StandardDeviation,WristLuminosity: illuminance (lx)RootMeanSquare,WristLuminosity: illuminance (lx)MaximalAmplitude,WristLuminosity: illuminance (lx)MinimalAmplitude,WristLuminosity: illuminance (lx)Median,WristLuminosity: illuminance (lx)Number of zero-crossing,WristLuminosity: illuminance (lx)Skewness,WristLuminosity: illuminance (lx)Kurtosis,WristLuminosity: illuminance (lx)First Quartile,WristLuminosity: illuminance (lx)Third Quartile,WristLuminosity: illuminance (lx)Autocorrelation,WristLuminosity: illuminance (lx)Mean Frequency,WristLuminosity: illuminance (lx)Median Frequency,WristLuminosity: illuminance (lx)Entropy,WristLuminosity: illuminance (lx)Energy,WristLuminosity: illuminance (lx)Principal Frequency,WristLuminosity: illuminance (lx)Spectral Centroid,BrainSensorMean,BrainSensorStandardDeviation,BrainSensorRootMeanSquare,BrainSensorMaximalAmplitude,BrainSensorMinimalAmplitude,BrainSensorMedian,BrainSensorNumber of zero-crossing,BrainSensorSkewness,BrainSensorKurtosis,BrainSensorFirst Quartile,BrainSensorThird Quartile,BrainSensorAutocorrelation,BrainSensorMean Frequency,BrainSensorMedian Frequency,BrainSensorEntropy,BrainSensorEnergy,BrainSensorPrincipal Frequency,BrainSensorSpectral Centroid,Infrared1Mean,Infrared1StandardDeviation,Infrared1RootMeanSquare,Infrared1MaximalAmplitude,Infrared1MinimalAmplitude,Infrared1Median,Infrared1Number of zero-crossing,Infrared1Skewness,Infrared1Kurtosis,Infrared1First Quartile,Infrared1Third Quartile,Infrared1Autocorrelation,Infrared1Mean Frequency,Infrared1Median Frequency,Infrared1Entropy,Infrared1Energy,Infrared1Principal Frequency,Infrared1Spectral Centroid,Infrared2Mean,Infrared2StandardDeviation,Infrared2RootMeanSquare,Infrared2MaximalAmplitude,Infrared2MinimalAmplitude,Infrared2Median,Infrared2Number of zero-crossing,Infrared2Skewness,Infrared2Kurtosis,Infrared2First Quartile,Infrared2Third Quartile,Infrared2Autocorrelation,Infrared2Mean Frequency,Infrared2Median Frequency,Infrared2Entropy,Infrared2Energy,Infrared2Principal Frequency,Infrared2Spectral Centroid,Infrared3Mean,Infrared3StandardDeviation,Infrared3RootMeanSquare,Infrared3MaximalAmplitude,Infrared3MinimalAmplitude,Infrared3Median,Infrared3Number of zero-crossing,Infrared3Skewness,Infrared3Kurtosis,Infrared3First Quartile,Infrared3Third Quartile,Infrared3Autocorrelation,Infrared3Mean Frequency,Infrared3Median Frequency,Infrared3Entropy,Infrared3Energy,Infrared3Principal Frequency,Infrared3Spectral Centroid,Infrared4Mean,Infrared4StandardDeviation,Infrared4RootMeanSquare,Infrared4MaximalAmplitude,Infrared4MinimalAmplitude,Infrared4Median,Infrared4Number of zero-crossing,Infrared4Skewness,Infrared4Kurtosis,Infrared4First Quartile,Infrared4Third Quartile,Infrared4Autocorrelation,Infrared4Mean Frequency,Infrared4Median Frequency,Infrared4Entropy,Infrared4Energy,Infrared4Principal Frequency,Infrared4Spectral Centroid,Infrared5Mean,Infrared5StandardDeviation,Infrared5RootMeanSquare,Infrared5MaximalAmplitude,Infrared5MinimalAmplitude,Infrared5Median,Infrared5Number of zero-crossing,Infrared5Skewness,Infrared5Kurtosis,Infrared5First Quartile,Infrared5Third Quartile,Infrared5Autocorrelation,Infrared5Mean Frequency,Infrared5Median Frequency,Infrared5Entropy,Infrared5Energy,Infrared5Principal Frequency,Infrared5Spectral Centroid,Infrared6Mean,Infrared6StandardDeviation,Infrared6RootMeanSquare,Infrared6MaximalAmplitude,Infrared6MinimalAmplitude,Infrared6Median,Infrared6Number of zero-crossing,Infrared6Skewness,Infrared6Kurtosis,Infrared6First Quartile,Infrared6Third Quartile,Infrared6Autocorrelation,Infrared6Mean Frequency,Infrared6Median Frequency,Infrared6Entropy,Infrared6Energy,Infrared6Principal Frequency,Infrared6Spectral Centroid,Subject,Activity,Trial,Tag
2018-07-04T12:04:56.041038,-1.0427142857142857,0.06354236896009799,5.0009223034167105,1.236,1.005,-1.021,0,-2.6314815018127256,5.1764302811815845,-1.029,-1.017,11.930864999999999,0.5222885584424674,0.9848820603732701,0.7619075272080923,480.36890700000004,0.0,0.9792163147652505,0.11204761904761902,0.10777864272509836,0.11076500068699716,0.226,0.103,0.129,1,-2.2555844405808365,4.177051952626918,0.113,0.16,0.12334700000000003,3.0511712001152467,5.90929236223962,2.4881553446527582,8.097988999999997,0.0,5.751678012265732,-0.035571428571428566,0.06933532833341197,0.027828672888125402,0.152,0.041,-0.061,1,1.9184634557049394,2.3090713291947775,-0.071,-0.058,0.01134,3.0476439411195457,5.90929236223962,2.6851189881367135,1.618038,0.0,5.722026789910421,-16.695571428571427,30.84441377619745,5637.117860471901,111.951,0.183,-1.951,4,-2.1615366471583517,3.3842496414928567,-11.768,-0.793,622.221886,3.234268744964259,5.90929236223962,2.664684790539368,332704.086843,0.0,6.085869305311632,4.845999999999999,8.31322202736042,424.3161565536863,26.951,0.854,2.012,2,1.1559097312040136,1.2358080579035455,1.524,6.402,115.468141,2.3888121131550126,3.9395282414930803,2.340654620895254,25594.998891000003,0.0,4.436172246822627,-15.087238095238096,28.38122341049878,4734.344166290759,82.622,0.305,-2.744,3,-1.2965224909513513,0.42080550747104795,-18.841,1.159,147.677216,2.45610246496632,3.9395282414930803,2.482263067211853,277993.9084460001,0.0,4.538827733800442,0.0,0.0,0.0,0.0,0.0,0.0,0,0.0,-3.0,0.0,0.0,0.0,nan,0.0,-inf,0.0,9.848820603732701,nan,-0.9733809523809523,0.055781441008616234,4.3561141874804035,1.155,0.922,-0.964,0,-1.9844954497487444,3.329815197085331,-0.972,-0.937,10.361270000000001,0.5101766486592444,0.9848820603732701,0.7010376480405132,418.52058199999993,0.0,0.9604707729809955,0.33342857142857146,0.030507721783761144,0.5137311758082561,0.392,0.293,0.32,0,0.4451815684363795,-1.0661357712157795,0.313,0.349,1.2289059999999998,0.4465154457839835,0.9848820603732701,0.6932175762303122,49.233228000000004,0.0,0.8036855933610905,0.11361904761904762,0.02024487281470167,0.06103598033478754,0.134,0.049,0.121,0,-1.6123943380166914,2.4282805948286814,0.102,0.128,0.143181,1.6970027664588945,1.9697641207465402,1.5790147610746001,5.783369000000001,0.0,3.246378102654151,3.7136666666666662,6.621611926709123,264.1262114518468,14.756,0.732,3.963,1,-0.43009297915749506,0.16421900444118354,-0.976,7.744,-26.500052,3.354623396524101,5.90929236223962,2.6501494848861142,15749.958833000002,0.0,6.286718014129952,-0.479095238095238,5.435368791139347,136.4359544978613,14.146,0.122,-0.305,5,0.8333871408029836,0.963782764155833,-3.232,1.28,-15.703598999999999,3.7077852728076413,6.894174422612891,2.716669152241444,6615.506795000001,2.95464618111981,6.9433630052534205,1.4982857142857142,13.573060198660528,854.5258275406919,51.098,0.488,-2.805,5,2.6502973759460877,6.379288836599795,-5.915,0.976,-206.43239300000002,4.236121904177811,8.863938543359431,2.780490334217298,41612.24917200001,0.9848820603732701,8.000872986213526,0.0,0.0,0.0,0.0,0.0,0.0,0,0.0,-3.0,0.0,0.0,0.0,nan,0.0,-inf,0.0,9.848820603732701,nan,0.114,0.031157052247635764,0.06400374364199705,0.228,0.084,0.104,0,2.2438138365283997,5.7846481045903335,0.092,0.122,0.135834,2.3656603817728223,1.9697641207465402,1.7676332187993529,5.945289,0.0,4.578554098748073,0.9217142857142856,0.036923528254698385,3.899407928966508,1.022,0.854,0.915,0,1.1232406873236147,1.2722738984170237,0.898,0.931,9.333435000000001,0.46046108298039573,0.9848820603732701,0.5591339485835882,374.955354,0.0,0.8762798644503574,0.2904761904761905,0.08132393722908349,0.41696856248403197,0.385,0.015,0.319,0,-1.8818095493558211,3.7704035582525837,0.262,0.325,0.916776,1.5006225341826005,1.9697641207465402,1.7503951399453035,38.668295,0.0,2.8206740313068766,3.080761904761905,11.47260630871378,646.6554565070978,37.622,0.244,3.537,5,-1.7984505133613078,5.037527032754104,-1.707,8.841,34.80801599999998,4.247823331913893,8.863938543359431,2.8255579103835085,33207.935777000006,0.9848820603732701,8.06323512019858,-6.417047619047617,7.204105505931293,426.53531378685403,20.488,0.244,-6.646,1,0.5504296226075753,0.9473880962226331,-11.829,-2.012,57.50727399999998,2.714965328054355,3.9395282414930803,2.397979826469208,29603.47808300001,0.0,5.090863031359808,-1.6724285714285716,7.164606808547726,248.04844364081015,28.598,0.183,-1.28,4,-2.252639079471159,6.848478483379894,-4.451,0.732,12.162912,4.297284882890381,8.863938543359431,2.893281517341596,12552.100395000001,1.9697641207465402,8.170502233337771,484.474,0.0,1075599.5139636202,484.474,484.474,484.474,0,0.0,-3.0,484.474,484.474,2581865.6234359997,1.9545718517737445e-15,0.9848820603732701,2.010154141036685e-14,103509339.994116,0.0,3.6395786224984275e-15,-0.5814285714285714,0.05456457199508488,1.5628254668838624,0.65,0.447,-0.595,0,0.564643748784767,-0.46972912014966894,-0.619,-0.533,3.7157229999999997,0.6056084688417175,0.9848820603732701,0.8440546405535538,149.74059299999996,0.0,1.129088176222344,0.01471428571428572,0.03099330627754331,0.005394128028743495,0.084,0.005,0.027,1,-1.8394853748938607,2.8295999136318786,0.008,0.037,0.002058,3.6910640334796603,6.894174422612891,2.746659323854555,0.30729,0.0,7.0481236327832555,-0.8366190476190477,0.1002945548493352,3.253584881622709,0.929,0.484,-0.842,0,1.9062061949872715,4.548767883890409,-0.916,-0.798,7.6758560000000005,1.1334744819822666,0.9848820603732701,1.1981529111462657,310.88777000000016,0.0,2.186436283112845,13.463857142857142,14.748733460669683,1827.5338810482438,68.963,2.439,10.366,0,2.724471159246662,7.101329109098719,4.817,12.744,2075.897884,3.375295685879249,6.894174422612891,2.6702859567171244,127906.76616299998,0.0,6.422590097035759,7.923809523809526,12.523456409470564,1006.4423112697638,32.805,1.098,5.122,2,0.7696184661482671,-0.6105743034736983,-2.256,14.573,417.03237199999995,2.5661128317626747,3.9395282414930803,2.3642035176407292,62271.50977700001,0.0,4.829844945204655,5.383333333333334,6.504917673307476,326.71121344443554,22.988,0.366,3.476,3,1.4166591627189795,1.4637522744923892,1.037,7.317,284.049104,3.003880150241628,5.90929236223962,2.5386635369848256,22110.529343000002,0.0,5.6644081405504885,759.9220000000001,1.1368683772161603e-13,2646352.43911249,759.922,759.922,759.922,0,-1.0,-2.0,759.922,759.922,6352295.906924001,1.9008350024168143e-15,0.9848820603732701,1.9980087378697023e-14,254669317.72304398,0.0,3.5316284970656828e-15,-0.9171904761904761,0.15899554322822984,3.9708841078238546,1.048,0.362,-0.962,0,2.344296566307027,4.8313110329706035,-0.988,-0.939,9.264524999999999,1.3602752692214874,0.9848820603732701,1.502483992055703,376.56026899999995,0.0,2.570747017445829,-0.36314285714285716,0.10093339893418908,0.651002012532768,0.619,0.271,-0.325,0,-1.5068021345575737,1.2422758093857755,-0.365,-0.291,1.383756,1.3208741485956248,1.9697641207465402,1.614549735480699,60.402230999999986,0.0,2.4914701601342975,0.261,0.14969842700449143,0.4148634144969253,0.536,0.047,0.258,0,0.36846017346277754,-0.818645444100087,0.165,0.335,0.5416880000000001,1.5572359467173484,1.9697641207465402,1.8831584435402577,34.98268199999999,0.0,2.9238798925324323,-2.03838095238095,42.70456910814133,8376.193251810519,133.049,3.11,4.573,7,0.9359103589852292,2.8176014305750385,-18.598,16.585,228.95923999999968,5.2304626659455105,0.0,2.7494860441185085,403953.8427440001,4.9244103018663505,10.015770824114817,-8.295571428571428,31.64888696842491,4905.503167082247,64.939,0.061,1.768,2,-0.5354614488668286,-1.1875451454896038,-33.415,21.098,-647.0191820000002,2.103707669208768,3.9395282414930803,2.1400049546333393,251212.35506700005,0.9848820603732701,3.8654470183188696,-9.076666666666664,36.71726223886335,6555.572609322604,87.622,0.671,2.744,4,-0.8476134825493763,-0.2673210262198671,-31.098,11.89,-1983.4328240000004,1.9474590242725494,3.9395282414930803,2.1957670651028165,333600.86696300015,0.9848820603732701,3.4788240428975037,2099.746,0.0,20204270.41865333,2099.746,2099.746,2099.746,0,0.0,-3.0,2099.746,2099.746,48498265.909676,1.8689637801919378e-15,0.9848820603732701,1.8839411954977124e-14,1944339569.6515558,0.0,3.4891407584065637e-15,85.0952380952381,222.7436931418421,260546.705494519,566.0,20.0,112.0,6,0.07363598312664188,0.2706277619430617,-22.0,153.0,50404.0,4.027869454759433,7.879056482986161,2.603407238411863,14133422.000000004,0.0,7.607333287508095,1.0,0.0,4.58257569495584,1.0,1.0,1.0,0,0.0,-3.0,1.0,1.0,11.0,1.8691598313837585e-15,0.9848820603732701,1.837750385696759e-14,441.0,0.0,3.501439389282409e-15,1.0,0.0,4.58257569495584,1.0,1.0,1.0,0,0.0,-3.0,1.0,1.0,11.0,1.8691598313837585e-15,0.9848820603732701,1.837750385696759e-14,441.0,0.0,3.501439389282409e-15,0.0,0.0,0.0,0.0,0.0,0.0,0,0.0,-3.0,0.0,0.0,0.0,nan,0.0,-inf,0.0,9.848820603732701,nan,1.0,0.0,4.58257569495584,1.0,1.0,1.0,0,0.0,-3.0,1.0,1.0,11.0,1.8691598313837585e-15,0.9848820603732701,1.837750385696759e-14,441.0,0.0,3.501439389282409e-15,0.0,0.0,0.0,0.0,0.0,0.0,0,0.0,-3.0,0.0,0.0,0.0,nan,0.0,-inf,0.0,9.848820603732701,nan,0.0,0.0,0.0,0.0,0.0,0.0,0,0.0,-3.0,0.0,0.0,0.0,nan,0.0,-inf,0.0,9.848820603732701,nan,1,1,3,7
2018-07-04T12:04:56.541038,-1.015421052631579,0.19196335061109798,4.654998260528188,1.318,0.599,-1.029,0,0.5350134845653939,-0.021356918950638626,-1.06,-1.005,10.298601999999999,1.2878099580742555,1.0365081193136012,1.4565876379064608,378.87126099999995,0.0,2.3907942440418024,-0.026947368421052626,0.23337872398499457,0.24057543282896138,0.504,0.067,0.127,3,-0.8120227015947332,-0.6652272886356867,-0.204,0.1485,-0.09336500000000003,3.6949938196288423,7.255556835195208,2.667435004385011,10.093189999999987,2.0730162386272024,6.9365895749045405,-0.12400000000000001,0.19196353820452464,0.22764785622535513,0.601,0.021,-0.071,4,-0.6845270887232306,-0.10134282897898084,-0.267,0.021,0.10012499999999999,3.4045680938915277,7.255556835195208,2.5736190040434344,12.202160999999984,0.0,6.537768096047987,-22.22394736842105,39.301396496513675,8885.631202438215,111.951,0.183,-16.585,6,-0.40068032955591387,0.5181147603050054,-41.738,-0.061,135.269613,3.163890869551448,6.219048715881607,2.4916931831208946,457099.5428919991,0.0,5.994407955033778,16.681578947368422,11.946548069215773,1835.0750397306979,41.524,2.805,14.085,0,0.5685216279753136,-0.8970063652096978,6.5545,24.817,2408.990186,2.69656149066586,5.182540596568006,2.357595938506424,126218.26444400001,0.0,5.05207619919679,-42.564263157894736,40.993586460942254,15222.106043849572,112.073,3.72,-45.915,2,0.006632442210073911,-1.1785568177042252,-78.872,-9.299,14290.008049999999,2.170419876223439,4.146032477254405,2.233265518040665,957355.2364739997,0.0,4.132076906743062,0.0,0.0,0.0,0.0,0.0,0.0,0,0.0,-3.0,0.0,0.0,0.0,nan,0.0,-inf,0.0,9.328573073822412,nan,-0.8864210526315791,0.1284713016446101,3.4969142890058764,1.155,0.717,-0.922,0,-0.2900482539774417,-0.8902045730897896,-0.958,-0.757,8.003663,0.9016315498073049,1.0365081193136012,1.141061893644036,286.6320939999999,0.0,1.7491252133705955,0.35442105263157897,0.18471808271823983,0.6962689521622033,0.764,0.144,0.333,0,1.1434309557401048,0.42413061222377113,0.2345,0.3765,1.228295,1.8878902241637896,3.1095243579408036,1.9336426998815328,51.505555,0.0,3.5211294382645995,0.164,0.08535005318655266,0.14898991887902666,0.355,0.049,0.13,0,0.9387542377374499,-0.3817095673252062,0.1095,0.1965,0.223564,2.26468141029928,3.1095243579408036,2.072671364355145,11.024332000000001,0.0,4.295015131643044,-9.310052631578946,26.84726673625746,3519.60520574451,78.232,0.183,-1.098,3,-1.1044998369248449,1.113474901948364,-14.299,4.2989999999999995,80.65715799999998,2.913985330376486,6.219048715881607,2.379687775028347,161390.44536399984,3.1095243579408036,5.47100668135976,2.407,31.482110039295584,4345.4600288609,83.537,0.122,-1.768,3,1.2491715791079847,1.4111541406794679,-8.6585,0.732,-52.240595000000035,3.3720304857000674,6.219048715881607,2.556845212762335,180989.25436999992,1.0365081193136012,6.210722575529346,-2.7952105263157896,23.08168928320033,2356.323051310988,57.5,0.183,-4.939,4,-0.009240477762145713,0.7882194246016931,-7.9270000000000005,9.6645,44.57234699999992,3.019261485616683,6.219048715881607,2.407478324949461,98984.53650099975,2.0730162386272024,5.513699235531124,0.0,0.0,0.0,0.0,0.0,0.0,0,0.0,-3.0,0.0,0.0,0.0,nan,0.0,-inf,0.0,9.328573073822412,nan,0.09421052631578947,0.11196032142418672,0.09332723820147999,0.278,0.0,0.113,1,-1.3651620787403802,2.9862939451643946,0.0645,0.136,0.069537,3.2491502240377637,5.182540596568006,2.4267275941435584,5.466687999999995,0.0,6.118932909720508,0.9092105263157894,0.123707881273574,3.670050902121981,1.064,0.473,0.912,0,-2.0113591874443633,5.494949844851508,0.861,0.989,8.207305,1.3046230392574774,1.0365081193136012,1.2339504711687532,301.18793199999993,0.0,2.4831373667367047,0.24152631578947367,0.1023540647489738,0.2999415716983804,0.395,0.015,0.262,0,-0.26683715837083416,-0.6926517774209997,0.1755,0.319,0.556923,2.075756859410843,3.1095243579408036,1.9233189317107677,22.949902999999992,0.0,3.826509560105712,20.93721052631579,42.637610832862414,9835.125970178382,101.829,0.854,10.305,4,0.09710021195734317,0.2149037145231767,5.732,35.366,2580.127249,3.747866055981543,7.255556835195208,2.697274011748372,486393.24653399904,0.0,7.024007220222197,8.334473684210526,16.636171337649277,1509.1626128997948,38.659,0.244,0.244,4,0.7024805744794622,-0.96852335672357,-2.988,21.067,-63.61843400000001,2.9095842045598865,5.182540596568006,2.5639001944074105,75031.88254299991,0.0,5.393451195410317,0.4301052631578942,12.99564999648055,736.9673671284149,28.598,0.183,1.524,5,-0.7318891784589753,-0.2322321574717332,-2.9570000000000003,7.683,53.917728000000004,4.52894180935866,9.328573073822412,2.7317610473490648,30550.870432999902,4.146032477254405,8.447418379395083,484.474,0.0,1023099.2125781055,484.474,484.474,484.474,0,0.0,-3.0,484.474,484.474,2347150.56676,7.72726911172808e-15,1.0365081193136012,5.83980169111143e-14,84732135.46003602,0.0,1.383675626612398e-14,-0.4136315789473684,0.21609116266455103,0.9493092300595538,0.65,0.072,-0.447,0,0.21821873906861017,-1.60368772674267,-0.626,-0.231,1.336033,1.4874742161353183,2.0730162386272024,1.766537753216447,70.19239900000001,0.0,2.8087574330205425,-0.02305263157894736,0.1080976525789288,0.05325060365163157,0.265,0.005,0.005,2,-0.13766895964372447,-0.24654894533644756,-0.106,0.0345,-0.0004899999999999991,3.051267471292577,5.182540596568006,2.543575006225251,2.301004999999998,1.0365081193136012,5.580573496731971,-0.8076842105263157,0.11683368864896843,2.9030436731623945,1.011,0.484,-0.805,0,0.7472289444085849,1.1457740930609406,-0.856,-0.7665,6.166843,0.9136839275596066,1.0365081193136012,1.1936494913956845,237.96356100000003,0.0,1.6892241633405585,4.146315789473685,32.71110942792281,4739.032481725907,68.963,6.585,10.366,1,-0.01799241945712476,-0.682413852333259,-25.0915,16.433,-1897.309188,2.736857939056245,5.182540596568006,2.4225083692053424,199344.29914099973,2.0730162386272024,4.889838627524037,37.78231578947368,27.549812567998643,9530.713181952058,90.732,2.256,32.622,1,0.2476108221587918,-1.0707409759725761,15.701,66.1585,9530.510769,2.315249423360033,4.146032477254405,2.265473696506804,652326.8096379999,0.0,4.362491401493071,0.48463157894736836,19.937558508636872,1733.7132913344137,45.427,1.159,3.476,5,-0.6190044177198335,0.4614071901363279,-0.9754999999999999,8.0185,-136.38554,4.328800561187436,9.328573073822412,2.7262170298592574,71834.66345499991,3.1095243579408036,8.177144468853387,759.9220000000001,1.1368683772161603e-13,2517183.265249888,759.922,759.922,759.922,0,-1.0,-2.0,759.922,759.922,5774814.460840001,8.05522042240724e-15,1.0365081193136012,6.373695596964705e-14,208470802.0363241,0.0,1.43312736187914e-14,-0.7969473684210524,0.20690589614966473,2.9550508435364478,1.148,0.362,-0.772,0,0.15364914000802005,-0.87368706072533,-0.962,-0.657,6.09931,1.3333651887673263,2.0730162386272024,1.5109454226234977,237.007378,0.0,2.521530699883347,-0.21784210526315792,0.3565724644972928,0.7610598554747257,0.619,0.1,-0.36,1,1.355250335582201,0.6055183156894475,-0.395,-0.179,-0.15879299999999996,2.5792138064373527,4.146032477254405,2.4536434363037323,40.08079899999999,0.0,4.791892807178587,0.41031578947368424,0.24033552262389982,0.9856351467763524,0.9,0.043,0.335,0,0.918539986539053,-0.03878608285984875,0.29000000000000004,0.5265,1.5011800000000002,2.274104992873881,3.1095243579408036,2.179136315727853,71.20350599999998,0.0,4.25485783693191,49.64047368421052,146.28439918164042,104017.72218896802,361.646,1.463,1.463,7,0.7690002664175934,-0.33645834451940626,-42.073,126.4025,-4871.88848,3.648904861690876,7.255556835195208,2.6441325918293543,4752109.905190997,3.1095243579408036,6.896124739378438,-26.736105263157896,26.22324060004535,6113.258443737847,64.939,1.768,-31.829,4,0.352879622075324,-0.7405327339477807,-48.2315,-4.359500000000001,2897.7556590000004,2.165285009055522,4.146032477254405,2.2461691396310197,382172.10793199984,0.0,3.9958985347658085,-8.70978947368421,48.08088613289173,10407.446794155458,95.305,3.354,-16.585,4,0.26522573653041315,-0.537680709613769,-34.3595,22.835,-1321.3978179999997,2.6385071985153083,5.182540596568006,2.3954955506412854,444660.39203999954,1.0365081193136012,4.770800236495383,2099.746,0.0,19218094.548840128,2099.746,2099.746,2099.746,0,0.0,-3.0,2099.746,2099.746,44089332.645160004,8.205305828049616e-15,1.0365081193136012,5.972767855972184e-14,1591624908.4902754,0.0,1.4750646978142467e-14,51.526315789473685,157.70471021269054,119981.90524123122,424.0,1.0,75.0,2,-0.7184995661565046,2.7392555896388666,26.5,113.5,21556.0,3.6012508968566777,7.255556835195208,2.663013713997242,5447615.999999992,0.0,6.7081965208586976,1.0,0.0,4.358898943540673,1.0,1.0,1.0,0,0.0,-3.0,1.0,1.0,10.0,8.121908923183831e-15,1.0365081193136012,6.072432065971048e-14,361.0,0.0,1.4554024714698545e-14,1.0,0.0,4.358898943540673,1.0,1.0,1.0,0,0.0,-3.0,1.0,1.0,10.0,8.121908923183831e-15,1.0365081193136012,6.072432065971048e-14,361.0,0.0,1.4554024714698545e-14,0.0,0.0,0.0,0.0,0.0,0.0,0,0.0,-3.0,0.0,0.0,0.0,nan,0.0,-inf,0.0,9.328573073822412,nan,1.0,0.0,4.358898943540673,1.0,1.0,1.0,0,0.0,-3.0,1.0,1.0,10.0,8.121908923183831e-15,1.0365081193136012,6.072432065971048e-14,361.0,0.0,1.4554024714698545e-14,0.0,0.0,0.0,0.0,0.0,0.0,0,0.0,-3.0,0.0,0.0,0.0,nan,0.0,-inf,0.0,9.328573073822412,nan,0.0,0.0,0.0,0.0,0.0,0.0,0,0.0,-3.0,0.0,0.0,0.0,nan,0.0,-inf,0.0,9.328573073822412,nan,1,1,3,1
2018-07-04T12:04:57.041038,-0.7899473684210526,0.5236584336422491,3.9153155925512553,1.337,0.084,-0.862,1,1.841535572004487,3.6670116998347364,-1.06,-0.651,6.126222,2.286877475294249,4.065958888637904,2.2325625777174283,274.76645800000006,0.0,4.277215514386309,-0.5592105263157895,0.45489531229982416,2.265085088662339,1.394,0.067,-0.504,2,-0.05763204167491465,-1.010252811487533,-0.8255,-0.17450000000000002,2.030672,1.5455847300131986,3.0494691664784277,1.853433827150838,150.241444,0.0,2.9412079870207988,-0.2818421052631579,0.29066407870288935,0.7145132383982596,0.792,0.021,-0.346,3,0.6718564993007776,0.3164578742773707,-0.51,-0.101,0.7408379999999999,3.35487282413958,7.115428055116332,2.5497003539286363,43.925676999999986,0.0,6.325796780287546,42.352315789473685,73.7137082445554,31503.634532636333,212.134,13.963,24.512,3,0.5161267758726874,-0.5338674151652985,-17.744,96.28049999999999,5786.299844000002,2.8653713050546554,5.08244861079738,2.545975401451159,1628317.2299969997,0.0,5.35601179377074,31.200315789473688,24.88732916894529,6943.02361766089,73.537,2.622,30.0,1,0.010421266131048997,-0.6772666426645211,12.8045,46.372,8020.352704999999,1.689130199470316,3.0494691664784277,1.9562810610029056,463216.89078199986,0.0,3.065076113401793,-84.29405263157895,55.70776949542249,44499.31449327028,175.488,7.439,-95.61,1,0.45581974948878823,-0.48305295277487525,-119.7255,-53.7195,62313.140646,2.0888483440088295,4.065958888637904,2.2113038397301956,3125236.6011479995,0.0,3.8751044904525185,0.0,0.0,0.0,0.0,0.0,0.0,0,0.0,-3.0,0.0,0.0,0.0,nan,0.0,-inf,0.0,9.148407499435283,nan,-0.6853157894736842,0.16421233129912174,2.164731305363871,0.885,0.371,-0.736,0,0.6134110892730625,-0.8405250537347824,-0.811,-0.563,4.7588539999999995,1.252375239545825,2.032979444318952,1.5745943980092822,174.413748,0.0,2.348509660030533,-0.023947368421052634,0.6963978350040572,2.11643470506944,1.772,0.144,0.167,1,-0.9744607718442453,0.035934691535357555,-0.48150000000000004,0.429,-0.8593200000000001,3.5245596954486094,7.115428055116332,2.444757017985911,87.74409999999996,1.016489722159476,6.645428689992264,0.018105263157894742,0.391099515500762,0.668160936448382,1.215,0.132,0.17,1,-1.6549852999701034,2.527082236391892,-0.2905,0.293,-0.34937200000000007,3.9704411672969218,8.131917777275808,2.6774382898763065,27.727404999999983,1.016489722159476,7.503708415671209,15.574421052631578,51.39877895776349,12572.795338880656,134.634,0.183,5.122,7,0.3135565642670022,-0.04121887596176954,-8.3535,40.884,372.50985899999887,3.7095575779740138,7.115428055116332,2.614514963274753,564416.2187379994,1.016489722159476,6.965224440663209,49.124,57.25121672345305,24805.923710213458,164.085,1.768,53.598,1,0.03017307584718347,-0.7494326768478716,-5.152500000000001,83.59800000000001,15988.353368,2.17768691072848,3.0494691664784277,2.246431961077979,1462778.6005809999,0.0,4.041074714329641,-81.2742105263158,79.52586141863999,56359.952793594195,223.659,0.183,-57.5,3,-0.28730032012647333,-1.4231282589621248,-160.122,-13.628,20740.314927000003,2.5102660257387193,4.065958888637904,2.2889152658297203,3526131.979605,0.0,4.720062969014712,0.0,0.0,0.0,0.0,0.0,0.0,0,0.0,-3.0,0.0,0.0,0.0,nan,0.0,-inf,0.0,9.148407499435283,nan,0.04926315789473683,0.16862660154294293,0.1345234215326168,0.401,0.0,0.016,3,0.0168350062151019,-0.4231115199535038,-0.011,0.16849999999999998,-0.004571999999999989,4.072181800452527,8.131917777275808,2.606934326220549,6.008600999999991,2.032979444318952,7.659388628632373,0.4591052631578947,0.6056919396539572,2.5178759916569704,1.064,0.218,0.476,1,-1.3387074806338013,0.9596811476375069,0.288,0.863,0.5809139999999998,2.406223698991348,4.065958888637904,2.3223820198656804,142.30945099999997,0.0,4.534357654673218,-0.3279473684210526,0.9470845832111473,4.37859543137213,2.712,0.112,0.135,1,-1.3421135543855618,0.36565541217965336,-0.51,0.33,-1.65324,2.9589644712747982,5.08244861079738,2.5418090069596353,200.72830299999995,1.016489722159476,5.545366058069476,103.35368421052631,107.84114530424765,97254.4310017093,364.695,0.854,81.159,5,0.7066050058273139,-0.04326865333960184,35.366,168.35399999999998,79517.05659299999,3.317652562740768,6.098938332956855,2.508180659761941,5955359.366405997,0.0,6.267227982399225,-31.633473684210525,98.15453899812029,46356.84747439121,422.012,2.378,-13.049,3,-3.229482670381197,10.229724860317575,-40.427,21.067,-510.90060900000003,4.278544082806706,9.148407499435283,2.7411346698965433,2100237.8647269984,1.016489722159476,8.161314561076912,29.42557894736842,42.579950158577276,11677.127835557272,94.451,0.244,16.22,4,0.21685449544134702,-1.4348612847030555,-7.0729999999999995,72.68299999999999,212.28295200000002,2.2784656162960575,4.065958888637904,2.3261635300244197,639833.069465,0.0,4.270634528244901,459.5616315789473,105.69422787566351,969280.3508899644,484.474,11.139,484.474,0,-4.006938426723767,14.055555555555546,484.474,484.474,2117832.06597,1.945352317162875,2.032979444318952,1.7347016873458947,78258492.65226603,0.0,3.702717644569899,0.048631578947368415,0.4293167411899144,0.813710078150818,0.882,0.072,-0.138,2,1.0596631289302334,-0.6187134910690149,-0.2755,0.2145,-0.493716,2.9451272049467314,5.08244861079738,2.480521921499816,34.12224799999998,1.016489722159476,5.469324593684711,-0.01989473684210526,0.18379419117355497,0.1489701891259138,0.359,0.019,-0.096,4,0.5718527929640175,-0.33586502503831195,-0.13,0.063,-0.023731999999999996,3.9138506926872174,8.131917777275808,2.7159669685897154,6.2402289999999905,2.032979444318952,7.466664668926952,-0.9482105263157896,0.3600470113964459,4.484160851896934,2.219,0.43,-0.939,0,-1.9683371632967153,5.6695157445021565,-1.055,-0.8474999999999999,8.851714999999999,2.0742748754430234,3.0494691664784277,1.9410753815231587,347.97516599999994,0.0,3.8832668959077647,-10.872894736842104,70.07502356827419,21919.720514417204,183.415,4.939,-11.098,5,-0.4353743499119172,0.8216232580250535,-36.2195,22.5915,-1615.9826460000013,3.813501604796271,8.131917777275808,2.712058557557138,929024.2237459994,2.032979444318952,7.210308979383087,21.29010526315789,90.95346438001009,38034.88591486612,232.195,2.5,56.951,4,-1.576035499377324,1.4534296829004782,14.6035,71.6465,-6213.060345,3.965245463228139,8.131917777275808,2.7453965497080848,1656822.1073759978,1.016489722159476,7.500713581623762,-21.64636842105263,50.71567921078879,13253.865950393518,166.342,2.683,-16.341,7,-0.9633714944206151,1.6559037342378948,-40.488,4.024,3419.7877510000003,4.238026522415292,9.148407499435283,2.6394300761224594,633412.5222259993,0.0,8.07909860707361,736.4676315789475,99.50845775384362,2407361.065477999,759.922,314.289,759.922,0,-4.006938426723771,14.055555555555568,759.922,759.922,5436168.140214001,1.3592024900612394,1.016489722159476,1.3289404947217125,197588129.55942604,0.0,2.5870599366971763,-0.893157894736842,0.6719748791637576,5.445490778164105,3.07,0.151,-0.726,0,-1.9467971797622003,3.4545581948693,-0.772,-0.59,8.017949999999999,2.8394545820609673,5.08244861079738,2.3922405901614057,369.48571799999974,0.0,5.3456812733397925,-0.15405263157894736,0.3680512655487306,0.6939103290022799,0.635,0.084,-0.179,4,0.7268934341935844,-0.4097460711929255,-0.44,-0.008,0.131565,3.18162240604643,6.098938332956855,2.6477644719922213,33.018171999999964,0.0,5.9291979222776785,0.4476842105263158,0.6184005730091628,2.5405424955791163,1.487,0.043,0.326,2,-0.37346338037509275,0.001852705615025041,0.169,0.8845000000000001,1.6348880000000001,2.843653671413205,5.08244861079738,2.3491104475735165,141.37871399999986,0.0,5.181401873819001,28.870210526315788,163.4325080709977,120060.09041102164,361.646,1.463,-5.793,6,0.5152847514058408,-0.4198301511233513,-40.335499999999996,98.9025,-3845.8075400000007,3.411682271973713,7.115428055116332,2.647601751543468,5122077.886490991,1.016489722159476,6.477870698705195,16.48278947368421,50.453729340621905,12280.156664407543,142.5,3.841,7.134,5,0.6705477229032957,0.0070201929797573115,-27.5305,39.299,-1477.9058,3.9262247800828174,8.131917777275808,2.69689304536098,557554.3021189991,3.0494691664784277,7.4113403755176455,6.235631578947368,52.38539288792403,12131.306088974616,123.72,3.354,3.354,6,-0.29428896872441507,0.09326468651185893,-28.1095,40.823,216.35215200000002,3.4339465894043566,7.115428055116332,2.5935793892433723,509370.2040669988,2.032979444318952,6.403101219998069,2051.561578947368,204.42918524318182,18528355.192894,2099.746,1184.242,2099.746,0,-4.006938426723765,14.055555555555532,2099.746,2099.746,42167006.783176005,1.0787292523735115,1.016489722159476,1.1112864638269846,1526958001.4750435,0.0,2.0532166853469134,58.21052631578947,35.57139440228611,20285.39802030281,135.0,1.0,60.0,0,0.4168256643982889,-0.5804146204977707,31.5,75.0,31566.0,2.1876271806540815,4.065958888637904,2.2229955503793613,1451626.9999999998,0.0,4.032902052192275,1.0,0.0,4.358898943540673,1.0,1.0,1.0,0,0.0,-3.0,1.0,1.0,10.0,7.965048021233931e-15,1.016489722159476,6.072432065971048e-14,361.0,0.0,1.4272938400466172e-14,0.9473684210526315,0.22329687826943606,4.129483209670111,1.0,0.0,1.0,0,-4.006938426723769,14.055555555555554,1.0,1.0,9.0,1.9747491705477387,2.032979444318952,1.753477138037554,332.99999999999994,0.0,3.7586706186212595,0.0,0.0,0.0,0.0,0.0,0.0,0,0.0,-3.0,0.0,0.0,0.0,nan,0.0,-inf,0.0,9.148407499435283,nan,0.9473684210526315,0.22329687826943606,4.129483209670111,1.0,0.0,1.0,0,-4.006938426723769,14.055555555555554,1.0,1.0,9.0,1.9747491705477387,2.032979444318952,1.753477138037554,332.99999999999994,0.0,3.7586706186212595,0.0,0.0,0.0,0.0,0.0,0.0,0,0.0,-3.0,0.0,0.0,0.0,nan,0.0,-inf,0.0,9.148407499435283,nan,0.0,0.0,0.0,0.0,0.0,0.0,0,0.0,-3.0,0.0,0.0,0.0,nan,0.0,-inf,0.0,9.148407499435283,nan,1,1,3,1
2018-07-04T12:04:57.541038,-0.1286,0.7519441069654047,2.6025948488860497,1.337,0.009,-0.0115,3,0.09546398070822934,-1.0322109733891431,-0.8425,0.282,-0.5977810000000002,3.317044889711648,6.195652173913044,2.558540866217037,119.71262,1.032608695652174,6.173820229450488,-0.6131,0.4491712257035172,2.583313234716069,1.394,0.036,-0.811,2,0.2717239065934553,-0.9311186552351733,-0.8385,-0.2155,2.405802,2.143293041198795,3.097826086956522,2.108841783363819,191.50897999999995,0.0,3.982733967986433,-0.0738,0.3540701342954528,0.5850094957590005,0.792,0.013,0.03,2,-0.4165473093796618,-0.907052651245277,-0.501,0.208,-0.066634,3.2761340743735303,6.195652173913044,2.513268275415498,27.282958000000004,1.032608695652174,6.045004956492211,44.5884,71.72086671492474,31895.310020380053,212.134,0.305,27.9875,4,0.45178204568077013,-0.38685649918118825,-7.0425,98.6585,8593.568748,2.672661410199821,5.16304347826087,2.3724909047176195,1824114.2267419999,0.0,4.987780255921603,17.16775,32.512906088006034,6045.525967692218,73.537,0.671,7.987499999999999,5,0.35771757968216844,-1.066206427133201,-6.494,46.189499999999995,988.8754979999999,3.155263863713928,6.195652173913044,2.510883744681525,331466.939947,0.0,5.97887524961853,-82.8384,51.850818446192335,42712.06414207011,175.488,8.476,-77.195,1,0.3132152144323748,0.07146809385760067,-119.7255,-51.677,57482.660656,2.1728226110743476,4.130434782608696,2.2638917977081414,3282601.399732,0.0,4.071095308586054,0.0,0.0,0.0,0.0,0.0,0.0,0,0.0,-3.0,0.0,0.0,0.0,nan,0.0,-inf,0.0,10.32608695652174,nan,-0.30055,0.3508392046222885,0.9544363237052798,0.885,0.012,-0.2555,4,-0.19818269162936789,-1.0969366569178198,-0.563,0.012,0.307774,2.7789701577152717,5.16304347826087,2.462394174603712,60.771590999999994,0.0,5.219321082241112,-0.68305,0.7660064278450932,4.710604331348413,2.087,0.167,-0.663,1,-0.12547988640404176,-0.5896524479452911,-1.1480000000000001,-0.313,2.170773,2.252378604690081,4.130434782608696,2.358526430682613,304.09565100000015,0.0,4.091709689522287,-0.26955000000000007,0.39118722819130997,1.0092924377564956,1.215,0.003,-0.2905,1,-0.41459525400121083,0.0624242173695424,-0.437,-0.0565,0.20669500000000016,3.1859846042783624,6.195652173913044,2.5720576856341686,59.864935,0.0,5.8455639404184385,16.731649999999995,62.74146024940366,18856.48821224352,134.634,0.854,20.0,5,-0.2642025001266014,-0.010820732747532702,-14.0855,49.756,-5616.09749,3.5971072751393893,7.228260869565218,2.628188306085087,899583.866059,1.032608695652174,6.705815309231049,39.29585,57.18566554327666,21530.49110892002,164.085,1.341,32.683,6,0.3842784979693505,-0.4709583443003802,-2.9265,76.8295,1528.147027,2.950427915501276,4.130434782608696,2.3736612228694027,1283652.005779,0.0,5.45416080560783,-77.90855,82.04559214636396,57248.80228401378,223.659,5.122,-71.3415,1,-0.20373706385785478,-1.4049752617856026,-160.122,0.488,-132.369286,1.7090447644252635,2.065217391304348,1.9120193278458109,3775243.952174999,0.0,3.2161780692928437,0.0,0.0,0.0,0.0,0.0,0.0,0,0.0,-3.0,0.0,0.0,0.0,nan,0.0,-inf,0.0,10.32608695652174,nan,-0.009649999999999995,0.16962997229263466,0.1290991610741526,0.401,0.0,-0.0285,5,0.47887175361300693,-0.20559924753949543,-0.1065,0.099,-0.015452,4.256612654361839,8.260869565217392,2.6249220814706438,5.793974999999999,4.130434782608696,8.016530009446996,-0.034550000000000004,0.45127701858171326,0.9160931244543045,1.012,0.123,-0.123,3,-0.4504445680228804,0.23873895261673317,-0.218,0.288,-0.181833,4.2386154519183235,8.260869565217392,2.667674221600006,41.730935,2.065217391304348,7.9942786389117595,-0.9339000000000001,0.9004264489673769,7.526323067699127,2.712,0.22,-0.5565,1,-0.49613181177706506,-0.6132390680223505,-1.556,-0.5,7.32455,2.4495200912363035,4.130434782608696,2.3111814753929547,512.3562199999999,0.0,4.475223529470308,87.0731,118.35664473399878,96553.50514182671,364.695,0.976,66.89,3,0.6373500723737148,-0.4859365943185341,-14.238,168.35399999999998,15468.331145000006,3.562474447755692,7.228260869565218,2.5200499825338927,5849661.467982,0.0,6.825643708723368,-42.481700000000004,92.75871237953878,46549.89768619849,422.012,1.646,-28.3845,2,-3.298462932364857,11.142210832565812,-49.573499999999996,-13.506,7168.196752,4.565110988920911,9.293478260869566,2.7740379121447987,2504220.8477960005,0.0,8.764757922469618,22.78665,46.84660660098552,12136.64340958192,94.451,1.646,9.9085,5,0.20146922530467878,-1.3611597560917972,-11.951,72.68299999999999,-1215.0374940000002,2.5929498273485385,5.16304347826087,2.4938650288984334,646645.870495,1.032608695652174,4.781595058824399,224.13975,235.48118927143096,472660.12971987063,484.474,11.139,11.139,0,0.20100756305184236,-1.9595959595959593,11.139,484.474,48693.08029499999,2.3467498241406433,3.097826086956522,2.2433747119700937,31297752.123275,0.0,4.393965391235358,0.28930000000000006,0.35788211746327864,0.9470825669476762,0.882,0.102,0.35450000000000004,3,-0.0725889498225411,-0.8699418224301247,0.020499999999999997,0.5025,0.721578,3.2120596102246464,6.195652173913044,2.609162816115406,59.40419000000001,0.0,6.023670046825256,0.0738,0.18572145810325744,0.1786121906931327,0.492,0.019,0.05499999999999999,4,0.20493217929158697,0.2487250104380725,0.019,0.163,0.001539,4.324319352044677,8.260869565217392,2.76951954322085,9.123885999999999,0.0,8.163790982834673,-1.1699499999999998,0.4817049382142558,7.159096530642707,2.219,0.43,-1.068,0,-0.6955573283145952,-0.2669111766451282,-1.398,-0.8975,13.343240999999999,2.458331876064306,3.097826086956522,1.9880258405516003,596.1662110000001,0.0,4.6708513017181,-3.070099999999998,84.11608359160572,31684.81953183674,183.415,4.939,-2.4695,7,-0.2394068899360957,-0.4923701097052886,-72.31700000000001,64.421,-937.9141760000001,4.89809957681838,10.32608695652174,2.7742196736561375,1446845.11065,1.032608695652174,9.229504045167076,-9.01515,103.05436306545928,47858.44967162232,232.195,2.5,2.927,11,-0.18671727488860482,-0.13126888831021555,-78.11,55.335499999999996,-2249.3704119999998,5.316328492463174,10.32608695652174,2.825672997123624,2253376.363035,7.228260869565218,10.133485267665764,-19.2439,51.69641543172989,13608.02572336058,166.342,0.671,-3.1399999999999997,9,-0.9889151142945154,1.3490202923166477,-37.073,5.2135,499.0242370000001,4.999102471024609,10.32608695652174,2.714614520389346,706116.1272140001,0.0,9.448660424279941,514.8238500000001,221.6996182800672,1405119.7031391654,759.922,314.289,314.289,0,0.20100756305184103,-1.95959595959596,314.289,759.922,2248293.704643,1.585413554932547,2.065217391304348,1.7736409573026477,115946877.145979,0.0,2.9684682276347893,-1.0816000000000001,0.7704411982753778,7.886335378639738,3.07,0.151,-0.909,0,-0.9560147221767926,0.1727743700316502,-1.5615,-0.615,9.386883999999998,3.1125054931630745,5.16304347826087,2.3634542012213267,589.0355519999999,0.0,5.8676331192875075,-0.1668,0.24814503823369105,0.39980090453224343,0.635,0.009,-0.1065,5,-0.7386299244482682,-0.8426452525154833,-0.3675,0.0465,0.049307,3.466144924342558,7.228260869565218,2.666005998895963,23.49152,0.0,6.5786556488575325,0.35505,0.5834900577559141,2.0863460086827517,1.487,0.038,0.2975,1,-0.03302162363754426,0.3927309407533697,0.136,0.651,0.7494319999999999,3.2070530345501664,6.195652173913044,2.5198989573652524,118.97043499999998,0.0,5.994396732628479,-30.2378,67.5051162228464,24468.24211139401,224.634,0.305,-19.0545,6,-1.8711749443115324,3.1864533976279237,-34.421,2.7135000000000002,6026.705586,4.499107989271416,9.293478260869566,2.7882148310580126,1277174.22762,0.0,8.506586543978068,42.0001,49.07625239247593,18659.92890594218,142.5,2.561,39.299,4,0.1864473402379387,-0.6416166571166078,2.2865,74.2685,14965.316642000002,3.7170946738372783,7.228260869565218,2.5908033450960253,1188778.2058320001,0.0,7.0111964347337254,10.862799999999998,62.3495692892902,17913.002890362157,160.183,1.037,10.3655,5,0.26674834124118474,0.19621427770722288,-33.384,50.0,-3747.8450000000003,3.5221341168001294,7.228260869565218,2.6993025411929565,830277.21344,3.097826086956522,6.525367136349125,1596.2187999999999,455.45748931042954,12322326.556114998,2099.746,1184.242,1184.242,0,0.20100756305184334,-1.9595959595959587,1184.242,2099.746,23781895.737352,1.2386540651121491,2.065217391304348,1.4965749931601668,1061073161.6901761,0.0,2.319208906645513,44.25,38.32084941647301,15323.997456603807,135.0,2.0,40.0,6,0.5280632853000798,-0.3984145295067312,7.0,67.0,16639.0,3.5021007584886186,6.195652173913044,2.4111026067213848,1086863.0,0.0,6.698802022182168,1.0,0.0,4.47213595499958,1.0,1.0,1.0,0,0.0,-3.0,1.0,1.0,10.0,0.0,1.032608695652174,0.0,400.0,0.0,0.0,0.45,0.4974937185533099,2.0124611797498106,1.0,0.0,0.0,0,0.20100756305184259,-1.9595959595959596,0.0,1.0,0.0,2.3863069459388857,4.130434782608696,2.2623968475485854,131.0,0.0,4.468030646240547,0.0,0.0,0.0,0.0,0.0,0.0,0,0.0,-3.0,0.0,0.0,0.0,nan,0.0,-inf,0.0,10.32608695652174,nan,0.45,0.4974937185533099,2.0124611797498106,1.0,0.0,0.0,0,0.20100756305184259,-1.9595959595959596,0.0,1.0,0.0,2.3863069459388857,4.130434782608696,2.2623968475485854,131.0,0.0,4.468030646240547,0.0,0.0,0.0,0.0,0.0,0.0,0,0.0,-3.0,0.0,0.0,0.0,nan,0.0,-inf,0.0,10.32608695652174,nan,0.0,0.0,0.0,0.0,0.0,0.0,0,0.0,-3.0,0.0,0.0,0.0,nan,0.0,-inf,0.0,10.32608695652174,nan,1,1,3,1
2018-07-04T12:04:58.041038,0.060749999999999985,0.48377731189050194,1.0631655763248025,1.097,0.009,-0.043,3,0.7440687186233057,0.5442385466364925,-0.147,0.22149999999999997,-0.126923,3.983617917250012,8.567134268537073,2.691222018605742,48.29860300000001,0.9519038076152304,7.522424508019848,-0.7525999999999999,0.5625007022217839,3.948063336549808,1.574,0.036,-0.8240000000000001,2,0.1972245756862634,-1.2062566235158014,-1.307,-0.2155,3.975478,1.8291859657837355,2.8557114228456912,2.0344090670669823,290.278424,0.0,3.4275443205027534,0.04384999999999999,0.16390340905545558,0.12874004855696602,0.47,0.013,0.03,3,0.6112807263879257,0.09643712044628217,-0.0965,0.16649999999999998,-0.03805,3.7251710160319362,7.615230460921843,2.608227233797483,6.219219,0.9519038076152304,6.905285757068065,-11.829249999999998,54.116832376696806,13723.029590008464,120.976,0.305,-13.0485,6,-0.03602510724205066,-0.5023771582639918,-46.829499999999996,24.024,-116.53039399999999,4.019385420453131,8.567134268537073,2.7211894728373207,646908.424335,2.8557114228456912,7.649919562458853,-7.0122,14.537350658218298,1165.0160711629103,35.976,0.122,-3.7195,5,0.038729496705523794,-0.384399788614211,-18.628,0.823,-98.01517999999999,2.850793878099021,5.7114228456913825,2.470388114588783,62437.990999999995,0.9519038076152304,5.308570017406545,-8.957299999999998,62.647704979592035,17910.76211814485,145.732,4.146,-17.1955,3,0.5997701068600869,-0.1997010435837243,-57.3475,37.561,-1066.2174760000003,2.7979747842456013,4.759519038076152,2.419281115153836,817355.8346000002,0.9519038076152304,5.013354050777254,0.11615,0.5062861122922492,1.2066558472953461,2.323,0.0,0.0,0,4.129483209670111,15.052631578947366,0.0,0.0,0.0,4.759519038076151,9.519038076152304,2.874625946857175,59.359618999999995,0.0,9.078012005990262,-0.19565000000000002,0.23393680236337336,0.4159325697423201,0.586,0.012,-0.20600000000000002,3,0.32585424439887845,-0.918158417073696,-0.41400000000000003,0.012,-0.03289,2.645996267406304,4.759519038076152,2.4898640750908942,26.264919,0.0,4.969167277650245,-0.86525,0.47767487635419964,4.3685203662378,2.087,0.33,-0.753,0,-1.442248465823402,1.5633316412441287,-1.043,-0.509,6.969908,1.9925792542662033,2.8557114228456912,2.1030304518054073,345.162123,0.0,3.680590209800326,-0.3555499999999999,0.2259826265446085,0.7937323542303476,0.836,0.003,-0.342,0,-0.6837178022213249,-0.2786696606409458,-0.508,-0.1775,1.185667,2.5812393619307468,3.8076152304609217,2.284904272205254,60.83741099999999,0.0,4.866953312471121,-3.8505999999999974,60.96216864203569,16686.49237610376,127.012,1.098,-8.8415,5,0.1601201176815224,-0.20447684646865127,-38.994,37.805,-2065.397120999999,3.741867135056042,7.615230460921843,2.508073216000031,760503.99607,0.9519038076152304,6.914390642909519,-9.859649999999998,29.13258706375903,4230.28430561248,86.402,0.793,-4.695,11,-1.0518590544156934,0.4800647046124027,-16.189,8.598,111.08695800000015,4.16468520922127,8.567134268537073,2.8291419565374176,216257.30023899995,0.0,7.76567672847323,-0.46645000000000036,33.266533805725835,4950.11716185674,102.012,5.061,7.073499999999999,3,-1.4143395161155166,1.9168250759802277,-17.5305,25.0,-1481.408782,3.920235411877315,7.615230460921843,2.5274719291006074,223023.92583499994,0.9519038076152304,7.132937179935485,0.0,0.0,0.0,0.0,0.0,0.0,0,0.0,-3.0,0.0,0.0,0.0,nan,0.0,-inf,0.0,9.519038076152304,nan,-0.08270000000000001,0.10790973079384454,0.08266206656502122,0.262,0.042,-0.104,6,0.39210686813051043,-0.405524634402592,-0.137,-0.0075,0.034301000000000005,3.0916672386315756,5.7114228456913825,2.5308729849914764,5.112049999999999,0.0,5.823745964359773,-0.05954999999999999,0.14323842885203678,0.10761501994633464,0.385,0.0,-0.006,4,-0.7890126680127098,-0.16871310831441289,-0.159,0.0405,0.0032840000000000005,3.6241096399093777,7.615230460921843,2.701729512336554,5.5241750000000005,0.0,6.927732302490985,-0.9772500000000003,0.500331277755049,5.39048437761599,2.712,0.5,-0.906,0,-2.0439323596789256,4.594674949052732,-1.111,-0.626,9.232482000000001,2.358862084523262,3.8076152304609217,2.283021444784343,432.15531500000003,0.0,4.357740661103759,1.5456999999999987,49.90692780777034,11149.44025309818,129.146,0.366,-8.079,2,1.386836605036375,1.1749763126331318,-26.8295,6.3415,-4139.895801999999,3.3710154862112462,6.663326653306613,2.4653400589699546,504913.50101600005,0.9519038076152304,6.210158759124281,-4.981699999999999,30.76360580962512,4343.413469862149,61.22,1.646,-7.1035,5,0.3729152762131218,-0.5691768319861836,-28.537,12.4695,-741.2819410000001,3.6939320102894277,7.615230460921843,2.6869142385882454,199620.96663799998,1.9038076152304608,6.895468113135122,-5.70425,15.886124460909276,1274.1447098963556,47.439,0.366,-3.4455,4,-1.3254541510739704,2.259547453189975,-6.7379999999999995,0.732,214.37868999999995,3.1878799117216805,6.663326653306613,2.6112154739103883,63550.062914999995,0.0,6.0181546247020945,11.139000000000001,1.7763568394002505e-15,554.890648444124,11.139,11.139,11.139,0,-1.0,-2.0,11.139,11.139,1240.7732099999998,4.425179390713619e-16,0.9519038076152304,5.3885294024521356e-15,49630.92839999999,0.0,8.196242017636854e-16,0.18819999999999998,0.15732437827622267,0.2690893148395157,0.504,0.033,0.143,2,0.4149127404820175,-0.8775801403327068,0.0805,0.35450000000000004,0.19294300000000003,2.3343971553704774,3.8076152304609217,2.2766411703372356,19.179138,0.0,4.398293334043985,0.008950000000000003,0.17653596659038068,0.13973211152075962,0.492,0.031,0.0335,1,0.5467538635666641,0.9280508011688053,-0.081,0.081,-0.056367,3.9542411386852514,7.615230460921843,2.68049251736003,6.364043,0.9519038076152304,7.548307924489142,-1.15475,0.3594555431482453,6.541195816575473,1.994,0.811,-0.9895,0,-1.4050584820579102,0.626197869784916,-1.2675,-0.937,12.814780000000003,1.5288620379026523,1.9038076152304608,1.7412091659932911,559.5072070000001,0.0,2.829083918744751,12.304950000000002,65.11047903100929,19636.193167344856,140.915,5.427,7.805,6,0.1793855943047563,-0.7859692392955497,-29.451,66.372,-1490.4159370000016,4.7147358908961134,9.519038076152304,2.715177882138049,963696.7932149998,2.8557114228456912,9.100357531867603,-3.3475,67.19953744818487,20245.28607829601,211.281,0.732,-1.1280000000000001,11,0.9800696375330917,3.603180396683575,-31.25,15.7315,-1046.1600120000003,5.5661895087193125,9.519038076152304,2.813289320186012,989897.6052,6.663326653306613,10.589316989036568,6.16775,27.523732949719957,3558.0180189315142,70.61,0.61,6.86,8,-0.8445680195722943,0.898727069666827,-7.0120000000000005,27.744,-299.1677020000001,4.081433921397718,7.615230460921843,2.714236092193922,175441.347207,0.9519038076152304,7.645663126889795,314.28899999999993,5.684341886080802e-14,441746.7470351503,314.289,314.289,314.289,0,1.0,-2.0,314.289,314.289,987775.7552099999,0.0,0.9519038076152304,0.0,39511030.208399996,0.0,0.0,-1.04515,0.46341507042822855,5.845493353299107,2.221,0.268,-0.96,0,-1.1667641486557387,1.9516013903124598,-1.091,-0.897,10.967901,1.9578161313493834,2.8557114228456912,2.0969837885595073,480.0789350000002,0.0,3.641103036096617,-0.1121,0.1271109358001899,0.12845584431702592,0.296,0.009,-0.11,4,0.29617627118494544,-0.9116288318068118,-0.234,-0.05,0.087446,2.761433754850682,4.759519038076152,2.37915799146197,8.258073999999999,0.0,5.284438534030739,0.22475000000000006,0.14657451176790595,0.32197880710452054,0.558,0.027,0.193,0,0.7561674763659143,0.3165627566785756,0.144,0.2975,0.484601,2.4588806964318404,4.759519038076152,2.3043508690910195,24.508003,0.0,4.631953568282599,-5.996900000000001,15.002611995582637,1167.411630266614,49.817,0.305,-1.4935,6,-1.134613393705743,1.5649232858929247,-10.7015,1.189,92.523053,3.462626635431618,6.663326653306613,2.6959932809698715,59428.01462400001,0.0,6.459923209903185,19.798799999999996,46.90338652656117,11591.41929127798,116.707,0.061,18.2315,4,0.4373951370739723,-0.6583627465982334,-20.305,51.463499999999996,2640.143517,3.138263825784533,6.663326653306613,2.6491892038468925,596980.09355,0.0,5.925853455872919,7.679900000000001,48.61801631483951,10834.609675457541,160.183,1.037,-4.3595,2,1.581091843233022,2.5514321979934786,-18.9025,25.8535,-3223.104075,3.028722763582144,5.7114228456913825,2.5917078683561674,498257.51577999984,0.9519038076152304,5.569824155572167,1184.2419999999997,2.2737367544323206e-13,6271853.667579891,1184.242,1184.242,1184.242,0,1.0,-2.0,1184.242,1184.242,14024291.145639999,5.327783826147317e-16,0.9519038076152304,6.456722671343294e-15,560971645.8256,0.0,9.868030604226573e-16,40.35,48.49976804068242,17800.666348482577,112.0,2.0,52.0,10,-0.5473691253949184,-0.2925102487553044,2.0,81.0,14126.0,3.4971048616144036,6.663326653306613,2.4887974386877763,1121778.9999999998,0.0,6.598533935509026,1.0,0.0,4.47213595499958,1.0,1.0,1.0,0,0.0,-3.0,1.0,1.0,10.0,0.0,0.9519038076152304,0.0,400.0,0.0,0.0,0.0,0.0,0.0,0.0,0.0,0.0,0,0.0,-3.0,0.0,0.0,0.0,nan,0.0,-inf,0.0,9.519038076152304,nan,0.0,0.0,0.0,0.0,0.0,0.0,0,0.0,-3.0,0.0,0.0,0.0,nan,0.0,-inf,0.0,9.519038076152304,nan,0.05,0.21794494717703367,0.22360679774997896,1.0,0.0,0.0,0,4.129483209670111,15.052631578947366,0.0,0.0,0.0,4.759519038076151,0.0,2.874625946857175,11.0,0.0,9.07801200599026,0.0,0.0,0.0,0.0,0.0,0.0,0,0.0,-3.0,0.0,0.0,0.0,nan,0.0,-inf,0.0,9.519038076152304,nan,0.0,0.0,0.0,0.0,0.0,0.0,0,0.0,-3.0,0.0,0.0,0.0,nan,0.0,-inf,0.0,9.519038076152304,nan,1,1,3,1
2018-07-04T12:04:58.541038,-0.18214999999999998,0.19780274896977548,0.3233557777650648,0.916,0.054,-0.127,0,-2.5939707121579056,6.679494619918575,-0.166,-0.065,0.24736799999999998,3.548978736535396,6.284454244762954,2.538530040352687,21.250647,0.0,6.50925478763113,-1.1026,0.23173679034628922,5.677057731578374,1.574,0.762,-1.033,0,-0.6842395464778958,-0.4707159667454004,-1.307,-0.967,12.072943999999998,0.9373656146509359,1.0474090407938257,1.3256959884842017,497.031094,0.0,1.7237584301063993,-0.034800000000000005,0.09279202551943783,0.04392263606843287,0.212,0.018,-0.033,5,0.05099645296107134,-0.8815592924115792,-0.1295,0.034999999999999996,-0.0038159999999999995,3.810312239789299,7.33186328555678,2.708089744115942,2.2192879999999993,2.0948180815876514,7.033714183252726,-6.88415,45.8835951493287,9627.148399383586,120.976,0.183,-0.8535,4,-0.7690755435752952,0.6181825277863582,-22.9875,17.317,-691.7567670000001,3.647162090278445,7.33186328555678,2.533385179473658,442122.11157500005,2.0948180815876514,6.692727018765379,-3.5182499999999997,10.57966295717874,555.9193754431004,26.707,0.122,-0.305,4,-1.1013619934546224,-0.12700442157417502,-6.25,4.695,-116.31841899999995,3.1541571214857598,6.284454244762954,2.5646876756212036,27339.239694999997,1.0474090407938257,5.8730660175472105,19.1433,39.453683161524985,8600.181520645125,145.732,0.793,5.427,4,1.6588043453540837,2.9626877294656815,0.6704999999999999,25.244,1813.860092,3.632828647355359,7.33186328555678,2.665070306386252,459121.7214079999,0.0,6.681094698279718,1.27765,1.1556779081993391,13.27321432024881,2.323,0.0,2.323,0,-0.20100756305184211,-1.9595959595959598,0.0,2.323,5.396329,2.258722934092369,3.142227122381477,2.1822623769971115,922.772259,0.0,4.229147179941004,-0.38925,0.06898686469176578,0.6988819283335704,0.586,0.272,-0.4,0,-0.6563895254088555,1.3664310018847567,-0.424,-0.356,1.5106899999999999,1.35229647861701,1.0474090407938257,1.3999084515751254,61.560307,0.0,2.5508995147125275,-0.8052999999999999,0.12036199566308295,2.965004224698541,0.965,0.509,-0.824,0,1.166812256044229,1.066841143580099,-0.902,-0.753,6.429586,1.1792385257570512,1.0474090407938257,1.341372620968062,262.3096160000001,0.0,2.1929929034008877,-0.3072999999999999,0.12127947064528276,0.488097862400564,0.598,0.151,-0.3055,0,-0.9415913456351575,0.8551890167290712,-0.343,-0.236,0.915085,2.4448878717419906,3.142227122381477,2.0140137696188614,40.71641,0.0,4.623616877947008,1.0701499999999986,42.14695928566496,7949.272633640973,114.939,1.098,-8.262,6,0.6879000886995889,0.9488071757509138,-19.5425,19.146,-962.7056929999999,3.8288980131593413,7.33186328555678,2.4508593629130124,356004.051827,3.142227122381477,7.025255467996335,-3.8048500000000005,26.76801675745702,3269.147503589563,86.402,0.793,-1.738,9,-1.4058884283771111,2.363890370296679,-11.5245,12.8965,-145.35276900000008,4.519525277461657,9.42668136714443,2.790083879851017,149886.327647,4.189636163175303,8.423307324449897,4.58535,18.44070159531627,1614.82080859518,34.451,1.098,4.0855,7,-0.03382333406785132,-0.9289872528809524,-5.732,19.9085,296.058907,4.04626960796238,8.379272326350605,2.743354809049581,77017.711527,1.0474090407938257,7.517742880122668,0.0,0.0,0.0,0.0,0.0,0.0,0,0.0,-3.0,0.0,0.0,0.0,nan,0.0,-inf,0.0,10.474090407938258,nan,-0.11564999999999999,0.07319718232281897,0.08377540481101836,0.222,0.04,-0.1295,2,0.6953665789946876,-0.1253225886325131,-0.157,-0.077,0.15011100000000002,1.966680069658833,3.142227122381477,1.9490560973199647,6.424199000000001,0.0,3.631595801884218,0.0168,0.03028960217632447,0.005365221505212997,0.096,0.0,0.0005,5,1.1147622580281238,0.14401921009684893,-0.0055,0.04,0.0,4.012041810247411,7.33186328555678,2.6784535371876093,0.310166,0.0,7.546413916604128,-0.9356500000000001,0.12882712253248535,3.9893123061375437,1.196,0.686,-0.962,0,0.20036180219614497,-0.18271165938059752,-0.998,-0.8915,8.819662000000001,0.8536953625830259,1.0474090407938257,1.0288225635872497,353.563735,0.0,1.5671928369545127,-3.1189000000000004,9.43021165138938,441.20496332276304,28.232,0.122,-0.5185,5,-1.1076508392339381,0.6014607300483448,-8.079,3.232,-147.705909,3.0606699677382325,5.237045203969129,2.4655060434627956,21946.656154000004,2.0948180815876514,5.7948079248240685,1.9938499999999995,20.516300822212077,1900.1839010506555,49.024,0.671,4.390000000000001,4,-1.0036310195153462,0.9212278942564454,-2.8354999999999997,14.482,229.68834200000003,3.3773962273371065,6.284454244762954,2.5176768841987447,86690.029027,2.0948180815876514,6.123852741957015,-0.9239499999999996,2.443068756195781,30.510112477117843,5.915,0.061,0.0,3,-0.6771206638486778,-0.8779230022856614,-3.1100000000000003,1.341,-4.197289999999999,3.1724044186156517,6.284454244762954,2.4537731985131765,1545.6557429999998,2.0948180815876514,6.038760619575761,11.139000000000001,1.7763568394002505e-15,554.890648444124,11.139,11.139,11.139,0,-1.0,-2.0,11.139,11.139,1240.7732099999998,4.869161005437917e-16,1.0474090407938257,5.3885294024521356e-15,49630.92839999999,0.0,9.018577214555218e-16,0.12025,0.07703237955561285,0.09120496427305917,0.226,0.033,0.14350000000000002,2,-0.8602234995702348,0.1079994172573735,0.0805,0.158,0.116638,2.5160906450179894,4.189636163175303,2.3034284398781812,6.973634999999999,0.0,4.7427841167918166,-0.13909999999999997,0.12274848267901317,0.15391303102726547,0.36,0.017,-0.1365,3,-0.1635183980859007,-1.3916126380103795,-0.2585,-0.031,0.119448,2.8337760102170217,4.189636163175303,2.3411614953384787,10.75442,0.0,5.187849533877549,-1.01795,0.09694455889837239,4.676156809727839,1.2,0.902,-0.9895,0,-0.4110318352555841,-1.3644705477652324,-1.1155,-0.933,10.38663,0.8813371604286021,1.0474090407938257,1.03833036964902,416.38247500000006,0.0,1.642172333200998,-6.18905,49.77448737302575,11251.017225169475,121.89,5.427,-15.793,5,0.9477655865880636,0.3032924201496283,-42.2255,16.4025,-1214.1105120000002,3.8296920989527954,7.33186328555678,2.72020420355389,512585.300051,1.0474090407938257,7.2595708764299,-1.1737999999999995,18.82889055308358,1591.655215678851,39.207,0.732,-0.915,6,-0.06278009957457904,-0.3334604977411888,-11.2805,8.506,24.22652,4.575805501603651,9.42668136714443,2.5543280319310107,79962.27806,10.474090407938258,8.574854107327791,2.3658499999999996,20.14500248765187,1839.9188915089178,45.793,0.61,-7.317,3,0.9813343777683425,-0.27980347669488337,-10.884,14.0245,-616.706679,3.6119617268494317,7.33186328555678,2.5811075335524816,83403.39217899999,1.0474090407938257,6.828384732134999,314.28899999999993,5.684341886080802e-14,441746.7470351503,314.289,314.289,314.289,0,1.0,-2.0,314.289,314.289,987775.7552099999,0.0,1.0474090407938257,0.0,39511030.208399996,0.0,0.0,-1.0060499999999999,0.13070863590444207,4.602817804988207,1.35,0.861,-0.962,0,-1.0622402941944313,0.3615812595268739,-1.0835,-0.897,10.132541,1.2329334979974222,1.0474090407938257,1.2297006854262285,408.33967100000007,0.0,2.358005013679909,-0.1961,0.08133750672352824,0.201563639627786,0.296,0.038,-0.234,0,0.8319581266980139,-0.7284006703818213,-0.244,-0.122,0.43828999999999996,2.3437131326896186,3.142227122381477,1.9083970199862332,16.754540000000006,0.0,4.44988925778983,0.18670000000000003,0.09253275095878216,0.1941765654573177,0.334,0.027,0.1995,0,-0.26987629253726564,-0.8879781415011991,0.134,0.261,0.32196800000000003,1.872267016861185,2.0948180815876514,1.9942198068041577,15.66834,0.0,3.4378693936668197,0.03965000000000003,5.557914683359218,138.15316913818154,13.354,0.305,0.1525,5,-0.32910273310080707,0.13487568475280476,-1.951,3.2009999999999996,13.353876999999999,3.7609395680061786,7.33186328555678,2.497390051803392,6183.551134999999,1.0474090407938257,6.925073484605716,-6.247,29.39255620390986,4038.1033952715993,55.549,0.061,-5.701499999999999,2,0.4209724174310328,-0.42211866254837194,-26.0065,4.4205,137.3420850000001,2.4419983418656463,4.189636163175303,2.40228525929021,188445.07744000002,2.0948180815876514,4.319798827580009,2.91155,18.08697128176799,1500.9188313016373,41.768,1.159,0.7314999999999999,5,-0.4119668925073623,0.007817036682034484,-6.768,16.0975,-413.35016199999995,3.313624330784171,6.284454244762954,2.49400892165393,68846.67289100001,1.0474090407938257,6.270882178440098,1184.2419999999997,2.2737367544323206e-13,6271853.667579891,1184.242,1184.242,1184.242,0,1.0,-2.0,1184.242,1184.242,14024291.145639999,5.862324430534755e-16,1.0474090407938257,6.456722671343294e-15,560971645.8256,0.0,1.085809762185019e-15,56.25,89.32517842131635,49833.23455335806,244.0,6.0,74.0,10,-0.00030882375383562864,-0.5735922845952399,-20.5,106.0,18804.0,5.013993914746035,10.474090407938258,2.6860671913112433,3218435.0,0.0,9.536647955063083,1.0,0.0,4.47213595499958,1.0,1.0,1.0,0,0.0,-3.0,1.0,1.0,10.0,0.0,1.0474090407938257,0.0,400.0,0.0,0.0,0.0,0.0,0.0,0.0,0.0,0.0,0,0.0,-3.0,0.0,0.0,0.0,nan,0.0,-inf,0.0,10.474090407938258,nan,0.0,0.0,0.0,0.0,0.0,0.0,0,0.0,-3.0,0.0,0.0,0.0,nan,0.0,-inf,0.0,10.474090407938258,nan,0.55,0.4974937185533099,2.4596747752497685,1.0,0.0,1.0,0,-0.2010075630518427,-1.9595959595959596,0.0,1.0,1.0,2.258722934092369,3.142227122381477,2.182262376997112,171.0,0.0,4.2291471799410045,0.0,0.0,0.0,0.0,0.0,0.0,0,0.0,-3.0,0.0,0.0,0.0,nan,0.0,-inf,0.0,10.474090407938258,nan,0.0,0.0,0.0,0.0,0.0,0.0,0,0.0,-3.0,0.0,0.0,0.0,nan,0.0,-inf,0.0,10.474090407938258,nan,1,1,3,11
2018-07-04T12:04:59.041038,-0.12757894736842107,0.047712202774854245,0.08086996385230852,0.202,0.059,-0.125,0,0.1022696588716036,-1.1736541527744717,-0.162,-0.0885,0.167361,1.4883684873914522,2.0550291129124334,1.760747438060401,6.286675999999998,0.0,2.794604340643979,-0.9829473684210527,0.08871033505576659,4.245807539866244,1.196,0.841,-0.984,0,-0.19965824214825842,-0.05719034795614597,-1.0485,-0.943,9.749875,0.8514492058934815,1.0275145564562167,0.9596919209790191,350.213425,0.0,1.6038859197736164,0.010631578947368419,0.06247290825572295,0.0175048793257916,0.14,0.007,0.018,7,-0.2625296343172636,-0.10476405313422132,-0.039,0.062,-0.002426,4.31346035403565,9.24763100810595,2.677039504737043,0.7452709999999997,3.0825436693686497,8.069345119753187,5.795894736842106,12.500839765032785,827.5953328410394,30.244,0.183,5.854,6,-0.06595395433554342,-0.9784234973456334,-4.9085,15.854,249.01471899999996,3.7068485104930593,7.1926018951935164,2.6692489319741326,40333.76945099995,0.0,7.034048109523094,0.7188947368421053,6.013960127068711,159.9041418551061,16.829,0.366,2.195,4,-1.3264182672737637,1.3529802265081328,-2.4085,5.7015,15.673953,3.3861889512707344,6.165087338737299,2.5936419544266154,6714.8410929999845,2.0550291129124334,6.232655060157789,2.679789473684211,13.416309887905477,815.8927876201668,32.012,0.793,4.634,4,-0.555218272743228,1.206079061574787,0.4875,6.372,45.314832,3.608104240039542,7.1926018951935164,2.6622086820248243,35081.964522999886,3.0825436693686497,6.745283247864494,2.323,0.0,23.52205277709789,2.323,2.323,2.323,0,0.0,-3.0,2.323,2.323,53.96329,8.421959089955058e-15,1.0275145564562167,6.202070129721653e-14,1948.074769,0.0,1.5131612549376055e-14,-0.364,0.0382182100437392,0.583903419869741,0.462,0.318,-0.357,0,-0.8431823648871593,0.007749594044725416,-0.396,-0.331,1.341561,0.9067494079040015,1.0275145564562167,1.0459638455110927,48.09470000000001,0.0,1.688493891210873,-0.8653684210526316,0.056956318004808056,3.278356342987939,0.934,0.761,-0.869,0,0.5588815536383495,-0.7786733395988521,-0.921,-0.829,7.3911679999999995,0.5555241138895312,1.0275145564562167,0.7392584718605183,270.92491,0.0,1.026086452142207,-0.33768421052631575,0.09259706294738508,0.5344221167256027,0.451,0.151,-0.319,0,0.5118580648927702,-0.5464663220503474,-0.422,-0.293,1.076344,1.0937360649763366,1.0275145564562167,1.4126308275809214,42.712702,0.0,2.0253236343502183,-1.9448947368421046,21.223741780063534,1979.9419290940639,38.415,2.5,-8.049,5,0.22785991733203156,-1.157823101506902,-19.299,18.14,37.73455700000022,4.064964677855764,8.220116451649734,2.685429753620002,82671.24654299993,1.0275145564562167,7.529000933247115,6.967263157894736,19.510923002370546,1870.9216890850137,49.39,1.037,3.659,7,0.5995328843157619,-0.6737338333641145,-7.9575,21.311,-10.21229900000003,3.418846507660552,7.1926018951935164,2.6182992652576056,86235.97389499986,3.0825436693686497,6.377712459118762,-4.188,12.836164228665165,794.6554189178756,25.427,1.098,-2.683,6,-0.08316825302372553,-0.5295641742986779,-9.0245,4.0855,-18.403092,3.0788594997122556,6.165087338737299,2.5594874338103857,36072.166918999945,2.0550291129124334,5.797837729135418,0.0,0.0,0.0,0.0,0.0,0.0,0,0.0,-3.0,0.0,0.0,0.0,nan,0.0,-inf,0.0,9.24763100810595,nan,-0.0883684210526316,0.06771706659353491,0.05402671707931569,0.222,0.012,-0.054,1,-0.6566993413471665,-0.787208622805657,-0.154,-0.04,0.058561,2.456142616669307,4.110058225824867,2.2959002419746155,3.6467420000000006,0.0,4.631790555231898,-0.0007368421052631575,0.023278275630799854,0.0023643585532700097,0.052,0.001,-0.006,5,0.5497175475774642,0.5788497863476305,-0.009,0.004999999999999999,0.000295,4.80207493846215,9.24763100810595,2.7222298298641734,0.09800499999999987,4.110058225824867,9.160424327836585,-0.9644736842105265,0.054045174497142585,4.067420977096245,1.036,0.885,-0.962,0,0.1526416490157347,-1.444525876090432,-1.009,-0.903,9.232451999999999,0.4723114656367721,1.0275145564562167,0.6555527764821313,336.332844,0.0,0.8730089854884452,1.6687894736842106,5.011116385533555,121.59648018117772,17.073,0.122,0.671,7,1.3123480333807538,2.4499256143388077,-0.7625,3.7195,3.9087579999999997,3.6208706013632885,7.1926018951935164,2.66794695561595,5537.921229999984,1.0275145564562167,6.691744671498085,4.05321052631579,11.806481014920521,679.2102132551709,36.159,0.671,-0.671,3,1.3866461799389336,1.0981804741389354,-2.8354999999999997,5.061,-22.830598,2.9815192926020626,5.137572782281083,2.525031585708832,31091.129529999926,1.0275145564562167,5.368894279860276,0.6352631578947368,1.276141628920439,8.857704319393502,3.171,0.061,0.305,5,0.014979614841160614,-0.7065029891314292,-0.2135,1.5545,2.871638,3.605206840758038,7.1926018951935164,2.5122280561277783,439.63591099999957,0.0,6.859282356838159,10.552736842105263,2.487303927043248,512.3752137703485,11.139,0.0,11.139,0,-4.00693842672377,14.05555555555556,11.139,11.139,1116.6958889999999,1.9961672743497758,2.0550291129124334,1.7534771380375542,41317.747892999985,0.0,3.799437111231036,0.1766842105263158,0.03944890450293892,0.14285648923399719,0.24,0.105,0.158,0,0.021469356289333334,-1.275854452740105,0.151,0.2145,0.30601999999999996,1.4963334858468889,2.0550291129124334,1.4511656306423062,11.550346000000001,0.0,2.8535133738036516,-0.04705263157894738,0.16130731496586212,0.12306915277192736,0.36,0.011,-0.011,5,-0.4002321029060217,-0.829079443598356,-0.197,0.053,-0.014546999999999996,3.055169957511931,6.165087338737299,2.5141976184409582,5.495854999999998,1.0275145564562167,5.6732991527910315,-1.0366842105263159,0.09994632908747045,4.72811259608127,1.203,0.902,-1.032,0,-0.09370877235195024,-1.296120604462926,-1.104,-0.933,10.797286,0.7232857551050617,1.0275145564562167,0.9398620556491859,389.77487199999985,0.0,1.365989639263606,-18.99557894736842,42.72180909745696,9528.487672683399,106.098,0.244,-31.829,3,1.2877778206367683,1.5011369226061557,-47.683,-3.0795,2543.7450710000003,3.715928243307984,7.1926018951935164,2.6756247351304787,459700.4706029996,0.0,6.949131896268401,0.5583684210526316,12.87103483023444,723.4696160307011,26.768,0.488,0.793,7,0.3267600139724508,-0.3625122895818582,-9.9695,6.0975,164.65677100000002,5.263267957975299,9.24763100810595,2.478306866433164,30014.819417999952,3.0825436693686497,9.789789013387612,-9.42878947368421,8.69230380447916,716.856745584894,22.073,3.415,-9.39,2,0.9240541570106106,0.7720183771758156,-15.457,-6.9205000000000005,1057.458779,2.8549920632195867,5.137572782281083,2.49772023696372,45731.53185899998,0.0,5.358607436159685,305.84447368421047,35.82709093081794,413330.0751780064,314.289,153.843,314.289,0,-4.006938426723766,14.055555555555543,314.289,314.289,937349.3423159999,1.23547630436464,1.0275145564562167,1.2247501755972365,33999930.26226899,0.0,2.351563709698941,-0.8532105263157894,0.3813707381134487,3.807113955828544,1.259,0.075,-0.96,0,0.7999351505237904,-0.641410110570876,-1.1640000000000001,-0.513,6.901832,2.0346253385903257,3.0825436693686497,2.0031233234704793,289.04909799999996,0.0,3.8176310797238098,-0.15052631578947367,0.10992167949621538,0.15143227878181267,0.273,0.038,-0.215,2,0.667792833308449,-0.6833785107665551,-0.24,-0.083,0.25515499999999997,2.8048514102130606,5.137572782281083,2.365537404425493,10.360540999999994,0.0,5.266901264816641,0.5057368421052633,0.4927527235210336,2.173238040775791,1.604,0.054,0.209,0,0.9235356151783046,-0.677014303681879,0.136,0.881,1.523997,2.897492501516636,5.137572782281083,2.3576135149822637,136.15922799999996,0.0,5.536174506191726,2.856368421052633,57.0908777718385,14242.820708885445,197.561,0.61,0.61,6,2.0266549455981933,4.766725110276499,-17.9265,5.7625,-59.36057099999999,4.129418644770634,8.220116451649734,2.7520164005189787,591261.3240599988,2.0550291129124334,7.718820240869921,-83.01673684210526,85.36459803001173,61804.36255839665,256.342,4.39,-55.549,0,-0.781811768896832,-0.8432491348317623,-133.5975,-6.677,18244.352924,2.2757317050386776,3.0825436693686497,2.0696250214390814,3803256.257850999,0.0,4.303429303054032,5.718789473684208,36.73328348712041,6024.166893318794,87.805,1.22,14.512,7,-1.0239258824354414,0.8594411675272564,-2.1955,27.774,-1087.5847950000002,3.693683991431821,7.1926018951935164,2.7137719611759987,255361.15154099965,3.0825436693686497,6.98717411024217,1233.4532631578945,208.78570733821846,6821669.976944842,2119.256,1184.242,1184.242,0,4.006938426723773,14.055555555555571,1184.242,1184.242,15131573.995027998,1.6114321790540487,1.0275145564562167,1.4990187001057997,557096170.4363081,0.0,3.067145375040867,-20.526315789473685,294.2335929193267,379201.2665146515,808.0,3.0,12.0,11,-1.4760215985610867,1.9431555480779883,-82.0,148.5,-64640.0,4.134923135295706,8.220116451649734,2.5857366758817686,15778599.999999987,4.110058225824867,7.854772596560312,1.0,0.0,4.358898943540673,1.0,1.0,1.0,0,0.0,-3.0,1.0,1.0,10.0,8.051436828405666e-15,1.0275145564562167,6.072432065971048e-14,361.0,0.0,1.4427742504592702e-14,0.0,0.0,0.0,0.0,0.0,0.0,0,0.0,-3.0,0.0,0.0,0.0,nan,0.0,-inf,0.0,9.24763100810595,nan,0.0,0.0,0.0,0.0,0.0,0.0,0,0.0,-3.0,0.0,0.0,0.0,nan,0.0,-inf,0.0,9.24763100810595,nan,1.0,0.0,4.358898943540673,1.0,1.0,1.0,0,0.0,-3.0,1.0,1.0,10.0,8.051436828405666e-15,1.0275145564562167,6.072432065971048e-14,361.0,0.0,1.4427742504592702e-14,0.05263157894736842,0.22329687826943606,0.22941573387056174,1.0,0.0,0.0,0,4.006938426723769,14.055555555555554,0.0,0.0,0.0,4.691786663848791,9.24763100810595,2.8251968975672574,9.999999999999996,0.0,8.930187663963467,0.0,0.0,0.0,0.0,0.0,0.0,0,0.0,-3.0,0.0,0.0,0.0,nan,0.0,-inf,0.0,9.24763100810595,nan,1,1,3,11
2018-07-04T12:04:59.541038,-0.1728,0.037694296650819734,0.13989154316755534,0.227,0.114,-0.17,0,0.1301361994946691,-1.2864437938029085,-0.20350000000000001,-0.133,0.292979,1.2297630029814455,1.9308943089430897,1.505147766046999,12.231149999999998,0.0,2.2878904659694164,-0.9714500000000001,0.09937226725802324,4.264583901721251,1.196,0.841,-0.9524999999999999,0,-0.6598952035522219,-0.2579987327771436,-1.042,-0.888,9.403483000000001,0.9770961686255628,0.9654471544715448,1.034509349869806,379.60843500000004,0.0,1.8430509115438014,0.029900000000000003,0.06652736279156117,0.023791316067002258,0.143,0.007,0.026,6,0.10143657458845803,-0.7711246831102487,-0.021,0.0895,0.00011899999999999999,3.584977955358372,6.758130081300814,2.6547597874516105,1.2597099999999997,0.0,6.835582937990307,2.3110000000000004,21.587952913604383,2108.0773784304342,41.402,1.159,11.006,7,-0.4232083009887968,-0.9153572492463296,-16.9205,16.1585,-398.277456,3.734966433126693,7.723577235772359,2.645738831372902,95467.97851199999,2.8963414634146347,6.953790923293001,-0.7469000000000001,5.885988344364947,157.4313426703653,16.829,0.366,1.037,3,-0.8589449879555288,0.5143093572006934,-5.609999999999999,3.872,-46.638166,4.4787342654460724,8.689024390243905,2.7370956087023686,7402.503044,1.9308943089430897,8.330350229237359,0.4786,13.121567819433775,771.0168104673206,32.012,0.0,2.195,5,-0.25385325076731086,0.9651202576957152,-7.4695,7.256,-141.68374800000004,4.336729447555602,8.689024390243905,2.683524839041852,34978.533392,2.8963414634146347,8.026285405958173,2.323,0.0,24.133116945906917,2.323,2.323,2.323,0,0.0,-3.0,2.323,2.323,53.96329,0.0,0.9654471544715448,0.0,2158.5316000000003,0.0,0.0,-0.3589,0.0233771255718063,0.5784962769541391,0.401,0.329,-0.359,0,-0.18356797908046865,-1.1897526201492241,-0.3745,-0.333,1.28521,0.47230342767432015,0.9654471544715448,0.7116938149097772,51.633373999999996,0.0,0.887247375300544,-0.8609,0.035028417035315784,3.3200055073015764,0.928,0.761,-0.8614999999999999,0,0.4728671520963062,1.7809728436287013,-0.877,-0.8425,7.415046,0.4754209069101002,0.9654471544715448,0.5797948211661369,296.711884,0.0,0.8967452456196898,-0.34595,0.08303040105888926,0.5660626209652513,0.451,0.224,-0.3355,0,0.14859614818936137,-1.4463746435544618,-0.422,-0.26949999999999996,1.1493710000000001,0.9374403609293545,0.9654471544715448,1.2824590464037169,49.25229500000001,0.0,1.778643102349179,3.75295,18.051689570439105,1520.2942552314778,32.317,2.5,5.6705000000000005,6,-0.4419786089128948,-0.8828007975315146,-7.256,22.8655,-166.3611689999999,3.3184931754914913,6.758130081300814,2.6817206125179776,70878.70883499998,0.9654471544715448,6.114825217020036,-0.2834500000000002,19.46605301152496,1694.9733530631702,49.39,1.646,-7.073,4,1.2539294214035894,0.5560383602010828,-14.939,7.103999999999999,-491.58823499999994,2.4988525895244758,4.827235772357724,2.1393603122514184,75818.56573499997,0.9654471544715448,4.370043963991538,-2.19515,8.984349927930234,382.53410902848117,25.427,0.976,-0.03049999999999997,4,-1.4528628026179564,1.4228061163568677,-4.6645,4.4815000000000005,-42.534756,3.028063482325865,5.792682926829269,2.608963818558853,18138.311418999994,0.9654471544715448,5.545056863544769,0.0,0.0,0.0,0.0,0.0,0.0,0,0.0,-3.0,0.0,0.0,0.0,nan,0.0,-inf,0.0,9.654471544715449,nan,-0.05145000000000001,0.03943282262278469,0.018792138889705986,0.125,0.012,-0.052000000000000005,2,0.0033028956966800463,-0.3119813636892741,-0.066,-0.03,0.024777,2.180059264506272,3.8617886178861793,2.26796475765909,1.372951,0.0,4.102792556594841,-0.0036999999999999997,0.017155465601376138,0.0013774178741398702,0.05,0.0,0.002,3,-0.9983919507210735,0.4057848343799666,-0.0115,0.010499999999999999,-0.00037199999999999977,3.4257850926724376,6.758130081300814,2.5261411449995936,0.06467600000000001,1.9308943089430897,6.502559591090143,-0.98255,0.05626764167796621,4.331579181608717,1.058,0.885,-0.996,0,0.3738876254851888,-1.1828037646001592,-1.035,-0.937,9.632413,0.41714971241175197,0.9654471544715448,0.6310539099991136,386.795123,0.0,0.7768281996370611,-0.19815000000000008,5.195576650141926,120.8965041403914,17.073,0.122,-1.402,4,1.7168985794980358,3.44030689784152,-3.933,3.354,-26.627112000000007,3.986417866040271,7.723577235772359,2.6594407994371005,5466.335095,0.9654471544715448,7.295942143389815,0.26839999999999975,10.784374068067185,520.4437600780003,36.159,0.976,-1.2805,4,1.6421342612968854,3.5301432373731227,-7.2255,5.244,-58.10335099999998,4.047626888528847,7.723577235772359,2.5664125624599827,23418.933034,1.9308943089430897,7.359302230101466,0.07315000000000008,1.4278086102485865,9.140993791635262,3.171,0.061,-0.2135,4,0.4529169285051648,-0.654665492484642,-0.976,1.1895,-1.469856,3.3065597924494896,6.758130081300814,2.64506301339297,409.987415,0.9654471544715448,6.135744443382299,4.4556,5.456973248972364,221.9562593776497,11.139,0.0,0.0,0,0.40824829046386313,-1.8333333333333333,0.0,11.139,0.0,2.1231435143196253,2.8963414634146347,2.250105811082219,13896.659952000002,0.0,3.949018434332023,0.17725,0.03885984431260629,0.1472569274786419,0.24,0.105,0.188,0,-0.3932623906529528,-1.0182988838915314,0.131,0.209,0.317203,1.5780395135904215,1.9308943089430897,1.598141731118332,12.869043,0.0,2.954905433591839,0.014800000000000002,0.08490206122350624,0.03321634259216386,0.232,0.004,-0.011,3,0.9762005097404377,0.10226463598047042,-0.0545,0.072,-0.005372999999999999,3.309778539922286,5.792682926829269,2.5279833036113217,1.5374800000000002,0.9654471544715448,6.277562181245335,-1.0378,0.06650308263531851,4.836398136738228,1.203,0.914,-1.0255,0,-0.23739317196055415,0.36340130533074655,-1.0935000000000001,-1.0015,10.789154,0.5498153246668608,0.9654471544715448,0.7438383926009488,431.70792599999993,0.0,1.03765394157083,0.27129999999999976,34.36846949763693,5282.77901739287,106.098,0.244,-6.7375,4,1.169866881659357,2.0808687820358314,-24.421,22.134,-761.3900460000004,4.167047615033782,7.723577235772359,2.6674416988404954,244997.47757600006,0.9654471544715448,7.721796965420476,-1.5884,17.339279268181826,1355.833647056593,38.293,0.488,1.3415,12,-0.42340590381848403,-0.6365627185806209,-17.195,11.372,-101.99917000000005,5.603188739621231,9.654471544715449,2.7713677171369784,67263.47272399999,9.654471544715449,10.641250262758826,-2.51525,9.40401310545131,423.7883016237994,22.073,0.305,-3.354,4,0.1412430501570483,-0.024576891658302458,-7.1035,1.8900000000000001,51.43666999999999,3.5098646730297394,6.758130081300814,2.7810396617586055,20457.293463000005,0.9654471544715448,6.498745587877745,218.02139999999994,78.60216625411796,240205.7179757856,314.289,153.843,153.843,0,0.4082482904638646,-1.8333333333333324,153.843,314.289,434144.638314,1.236589743046361,1.9308943089430897,1.6314139323822578,20248992.451152,0.0,2.300040321372656,-0.38325000000000004,0.3986315184478016,1.367523944159827,1.259,0.075,-0.216,2,-1.305815003385468,0.5863901939603178,-0.4995,-0.1795,1.0635499999999998,2.974716745812066,4.827235772357724,2.491121177315566,90.754755,0.0,5.584725114371149,-0.21465,0.1300097207904086,0.2816423768584018,0.362,0.064,-0.275,2,1.0841881099722777,-0.10521799695041434,-0.305,-0.097,0.358725,2.087585205536175,2.8963414634146347,2.0387345026173556,21.81043900000001,0.0,3.9227351866189455,0.95415,0.33692451305893434,4.579111012290753,1.604,0.102,1.0179999999999998,0,-1.0946389078845344,1.4793393708599591,0.9535,1.0910000000000002,9.123167,2.2240145365676898,2.8963414634146347,2.0714982428411224,387.08165499999996,0.0,4.20611920918115,-3.9327499999999977,57.14035209541065,14670.781001112515,197.561,0.549,-13.537,4,2.2356301142421997,5.3626771397233455,-31.2195,2.2565,-391.87064499999974,4.052475435860379,7.723577235772359,2.756493267292565,662095.3969630001,2.8963414634146347,7.587188278175816,-64.09144999999998,99.60699914286896,62740.79492447504,256.342,1.22,-21.3415,5,-0.49175173868491306,-0.8406085877478948,-133.5975,4.543,-1056.9333650000003,2.507402149553589,3.8617886178861793,2.5016767367543578,3631874.332503,0.0,4.671481590861074,0.01829999999999863,34.631829099976805,5363.718517363869,87.805,0.732,2.4085,6,-0.7083896312176338,0.9854707670902747,-7.195,17.744,-451.9649720000001,3.969567976920824,7.723577235772359,2.6390467906997737,240008.382966,1.9308943089430897,7.429241214172892,1745.2504000000001,458.06144047173404,14560019.081296038,2119.256,1184.242,2119.256,0,-0.4082482904638646,-1.8333333333333328,1184.242,2119.256,29060187.698687993,1.0126855918454558,0.9654471544715448,1.4194443679199145,1260323640.1294715,0.0,1.883581605957373,61.85,875.2974508702741,3443415.2170137786,2048.0,3.0,90.5,7,-0.2251150557483933,0.8628271005498207,-116.0,357.5,-259946.0,3.539734907325611,6.758130081300814,2.488555598172357,155058058.99999997,3.8617886178861793,6.475950934346753,1.0,0.0,4.47213595499958,1.0,1.0,1.0,0,0.0,-3.0,1.0,1.0,10.0,0.0,0.9654471544715448,0.0,400.0,0.0,0.0,0.0,0.0,0.0,0.0,0.0,0.0,0,0.0,-3.0,0.0,0.0,0.0,nan,0.0,-inf,0.0,9.654471544715449,nan,0.0,0.0,0.0,0.0,0.0,0.0,0,0.0,-3.0,0.0,0.0,0.0,nan,0.0,-inf,0.0,9.654471544715449,nan,1.0,0.0,4.47213595499958,1.0,1.0,1.0,0,0.0,-3.0,1.0,1.0,10.0,0.0,0.9654471544715448,0.0,400.0,0.0,0.0,0.6,0.48989794855663565,2.6832815729997477,1.0,0.0,1.0,0,-0.4082482904638627,-1.8333333333333335,0.0,1.0,2.0,1.8469487530622226,2.8963414634146347,2.0955402166342174,192.0,0.0,3.4352998861909496,0.0,0.0,0.0,0.0,0.0,0.0,0,0.0,-3.0,0.0,0.0,0.0,nan,0.0,-inf,0.0,9.654471544715449,nan,1,1,3,11
2018-07-04T12:05:00.041038,-0.19060000000000002,0.0228766256252971,0.16480581257285798,0.227,0.133,-0.1875,0,0.32527110119870406,0.08552004418313963,-0.203,-0.172,0.366447,0.7913846848734891,1.029252437703142,0.9665001973865177,14.638190000000002,0.0,1.4499361861817912,-0.9891000000000002,0.060133933847703644,4.391346371758916,1.172,0.868,-0.994,0,-0.7964465280108001,2.5157524883294817,-1.008,-0.962,9.779606000000001,0.6479470024873972,1.029252437703142,0.6679176321457244,392.11410999999987,0.0,1.2263578261131447,0.027800000000000002,0.05416419481539442,0.016576419130801438,0.143,0.007,0.023,4,0.2243058461617735,1.051722790746739,0.0,0.041999999999999996,0.0028799999999999997,3.793576762581611,7.204767063921994,2.6414986213866016,0.91836,0.0,7.149724456942539,-1.4908000000000001,19.24043773046757,1665.499137089785,41.402,0.305,1.067,5,-0.18839696841357498,-0.3700384837266095,-15.8535,9.512,-34.070641,3.680595568226084,7.204767063921994,2.459095752492204,75138.99281999998,2.058504875406284,6.87359377243407,0.8049,4.136186309875318,79.40680416994017,8.11,0.61,1.037,3,-0.18588754490689557,-0.4703524752604742,-1.2195,3.872,-10.83311599999999,3.2052033669661038,6.175514626218852,2.389625548585296,3694.5028099999995,1.029252437703142,5.817710946437599,0.5396000000000002,5.318667524859963,127.81092832408171,12.988,0.0,-0.0915,6,0.17609374996175164,0.4599961919386577,-1.25,2.713,-4.696148000000001,3.5971724252913964,7.204767063921994,2.6048928754453415,5809.00677,3.087757313109426,6.6764157392400305,2.323,0.0,24.133116945906917,2.323,2.323,2.323,0,0.0,-3.0,2.323,2.323,53.96329,0.0,1.029252437703142,0.0,2158.5316000000003,0.0,0.0,-0.3716,0.015727046766637404,0.6186480079853164,0.401,0.333,-0.3745,0,0.9107182009987868,0.975849136535051,-0.378,-0.37,1.381159,0.36865278874131924,1.029252437703142,0.5334900676636094,55.284740000000006,0.0,0.6833409859912919,-0.85145,0.012047717626173028,3.2428005646356435,0.885,0.834,-0.849,0,-0.8090655401685255,0.7393514918867208,-0.86,-0.842,7.249423,0.17568446051379552,1.029252437703142,0.24269185518237127,290.01655500000004,0.0,0.3357544845008348,-0.3216,0.061829928028423256,0.47963434510572733,0.42,0.224,-0.3295,0,0.2746851536662851,-1.1662479548228613,-0.3715,-0.26949999999999996,1.009848,0.8733278675176467,1.029252437703142,1.194505250174847,42.142654000000014,0.0,1.6197884057772831,0.7225,18.01545877434155,1453.7964157220285,33.232,1.524,4.939,4,-0.6131721485417105,-0.574299525670237,-5.4875,12.4695,-56.79387400000002,2.874959795995722,5.14626218851571,2.4047149781517847,65127.533952000005,1.029252437703142,5.162141857875842,-4.045699999999999,10.619464252494097,577.5348102091057,20.671,1.28,-5.609500000000001,2,0.3614947701648789,-0.6716293678198588,-11.2195,1.9509999999999998,62.635846000000015,2.537744549172978,4.117009750812568,2.5174605105630037,29103.956575999997,1.029252437703142,4.6099355086952984,1.0792,2.7346887501139867,38.65354401999979,7.317,0.122,0.427,4,0.6486189406435592,-0.4396245458933259,-0.9455,2.561,-0.11120300000000005,2.5277477944922158,4.117009750812568,2.372605835165132,1963.4748180000004,1.029252437703142,4.679535656136878,0.0,0.0,0.0,0.0,0.0,0.0,0,0.0,-3.0,0.0,0.0,0.0,nan,0.0,-inf,0.0,10.29252437703142,nan,-0.05585,0.036165280311370465,0.01979881669317639,0.125,0.018,-0.061,1,0.07455734868429223,0.24765680103715937,-0.065,-0.038,0.027104000000000003,2.2480551152454793,4.117009750812568,2.282723264419749,1.5096390000000002,0.0,4.211810327760192,0.003649999999999999,0.010850230412300009,0.0005860734169026947,0.023,0.0,0.006,3,-1.2940593577837198,0.9296855072184562,-0.002,0.012,-0.00014800000000000002,3.4000902642487496,6.175514626218852,2.699598634888738,0.029095,3.087757313109426,6.327299875839577,-0.9764000000000003,0.04859156305368249,4.274101277853882,1.058,0.89,-0.97,0,0.018914006336299864,-0.7909482737023281,-1.01,-0.938,9.534596,0.41168127034848584,1.029252437703142,0.6092976408168381,381.818884,0.0,0.7752551986594493,-0.6951,2.6754009961125456,34.17129790724673,5.305,0.0,-0.549,4,0.2751429108795764,-0.5049603046670121,-2.927,0.8540000000000001,0.9555650000000002,2.909702452812365,5.14626218851571,2.5791147985738787,1624.8866799999998,1.029252437703142,5.32472709491724,0.2134999999999998,6.9741085559374545,217.7204489750561,13.232,0.366,-1.067,4,-0.21097470020207923,-0.7111679025266726,-2.927,6.25,-5.373245,3.167633738568069,6.175514626218852,2.4506495652378115,9763.727218000002,2.058504875406284,5.718556287207643,-0.08834999999999998,0.9083722956475501,3.7250475315662803,2.134,0.061,0.061,3,-0.46572349585397993,-0.46964951649198294,-0.7625,0.6100000000000001,-0.550403,3.5064579329560117,6.175514626218852,2.6534928130897466,168.970815,1.029252437703142,6.387435580531239,0.0,0.0,0.0,0.0,0.0,0.0,0,0.0,-3.0,0.0,0.0,0.0,nan,0.0,-inf,0.0,10.29252437703142,nan,0.1765,0.023697046229435432,0.14182842524966563,0.209,0.116,0.1825,0,-1.2227291420582118,0.8735203286887927,0.1725,0.1905,0.311774,1.2832103366274121,1.029252437703142,1.2274593536902256,12.576571999999999,0.0,2.429590286166793,-0.022150000000000003,0.041397191933753186,0.009858152892403323,0.108,0.002,-0.022,3,1.1655235994494142,2.4975201086001455,-0.0545,0.002,0.004169,4.229060347486601,8.234019501625136,2.7070500409113847,0.5411070000000001,0.0,7.910151232829417,-1.0453500000000002,0.03596286278927194,4.892740117960492,1.099,0.994,-1.0405,0,-0.15218330455873252,-1.427109070790754,-1.0845,-1.0150000000000001,10.92901,0.31308332226795127,1.029252437703142,0.47165607445107915,437.36863500000015,0.0,0.5776501516615233,0.8018499999999993,14.719918808454754,971.8799935277036,25.366,1.159,-1.951,6,0.07563653206694702,-0.9242375621939107,-10.0,11.2195,4.266038000000009,4.243434026667225,8.234019501625136,2.5582080643369243,44485.214339000006,2.058504875406284,7.942434481104038,-0.10064999999999999,16.25018005523323,1180.994875411943,38.293,0.915,4.7255,10,-0.7107301365409875,0.04380727777115023,-4.939,9.8475,-155.82396900000003,5.922262674969658,10.29252437703142,2.6748580956001424,56291.75054700001,7.204767063921994,11.313654184842047,0.1371500000000001,5.245887544305539,123.15433397866181,17.927,0.183,-0.5795,5,1.9606116940437952,4.10505738750411,-3.354,1.646,-38.906724999999994,4.328119133330173,8.234019501625136,2.7078112726086916,5567.031975,1.029252437703142,8.142992288077796,153.84299999999996,2.842170943040401e-14,105845.0319362092,153.843,153.843,153.843,0,1.0,-2.0,153.843,153.843,236676.68648999996,5.543041980156953e-16,1.029252437703142,6.218934591033635e-15,9467067.459599998,0.0,1.0266728096634491e-15,-0.1925,0.10167915223879474,0.21195643637360953,0.412,0.078,-0.2105,1,1.3565928065358854,3.1064071473977073,-0.219,-0.193,0.361392,3.1030553704523625,5.14626218851571,2.2747102166610524,16.925078,0.0,5.827974318810433,-0.30489999999999995,0.02439651614472853,0.4184094622409966,0.362,0.275,-0.3025,0,-0.5904907632166955,-0.5366108876679432,-0.323,-0.28300000000000003,0.928409,0.7544743793731737,1.029252437703142,0.9038080854185814,37.30851400000001,0.0,1.4182816513244125,1.01445,0.03305824405500088,4.607201839864891,1.076,0.92,1.017,0,-0.5770760878689807,1.6722079327657893,0.9949999999999999,1.036,10.293809,0.3512901989030993,1.029252437703142,0.46563692449991506,411.87260299999997,0.0,0.6604248782068414,-7.911649999999999,11.824212613425892,905.1880876909477,46.524,0.549,-5.732,2,-1.5446200134631605,3.4438103820921846,-12.4085,-1.2805,554.4134039999999,3.782095501238318,7.204767063921994,2.6095274626707567,54455.977835000005,0.0,6.989628537317699,7.0732,27.406870940696606,3582.9265525988485,90.122,1.098,1.524,6,2.2324772677480222,4.000260634772085,-4.2075000000000005,4.543,159.335696,3.92561344568251,8.234019501625136,2.6859287507126104,170241.53313600004,4.117009750812568,7.270263258126613,0.33845000000000003,5.142757232020582,118.79111286992392,16.951,0.0,0.122,6,1.3560031669417891,3.169152408601552,-2.683,2.4085,-0.542961,4.3932195496585935,9.263271939328279,2.7452664892713896,5354.376391,2.058504875406284,8.121315398932738,2119.2560000000003,4.547473508864641e-13,20085462.69044014,2119.256,2119.256,2119.256,0,-1.0,-2.0,2119.256,2119.256,44912459.93535999,6.438170432289718e-16,1.029252437703142,7.195354983906831e-15,1796498397.4143996,0.0,1.1924669794082754e-15,318.8,1084.6938554264977,5716258.239291923,2048.0,2.0,222.5,7,-0.20591196083470958,-0.43054280457598537,-262.5,1102.0,1403258.0,3.7466186580748753,7.204767063921994,2.622115845780308,278666016.0,1.029252437703142,6.9480287284537345,1.0,0.0,4.47213595499958,1.0,1.0,1.0,0,0.0,-3.0,1.0,1.0,10.0,0.0,1.029252437703142,0.0,400.0,0.0,0.0,0.0,0.0,0.0,0.0,0.0,0.0,0,0.0,-3.0,0.0,0.0,0.0,nan,0.0,-inf,0.0,10.29252437703142,nan,0.0,0.0,0.0,0.0,0.0,0.0,0,0.0,-3.0,0.0,0.0,0.0,nan,0.0,-inf,0.0,10.29252437703142,nan,1.0,0.0,4.47213595499958,1.0,1.0,1.0,0,0.0,-3.0,1.0,1.0,10.0,0.0,1.029252437703142,0.0,400.0,0.0,0.0,1.0,0.0,4.47213595499958,1.0,1.0,1.0,0,0.0,-3.0,1.0,1.0,10.0,0.0,1.029252437703142,0.0,400.0,0.0,0.0,0.0,0.0,0.0,0.0,0.0,0.0,0,0.0,-3.0,0.0,0.0,0.0,nan,0.0,-inf,0.0,10.29252437703142,nan,1,1,3,11
2018-07-04T12:05:00.541038,-0.18783333333333332,0.007924995618645835,0.1499525995523252,0.201,0.174,-0.187,0,-0.26836450888682684,-0.4734477137767268,-0.1885,-0.183,0.31775800000000004,0.26564104934668914,1.043585021485574,0.4261363116143455,11.441340000000002,0.0,0.49598247714628796,-0.9944999999999999,0.008146232939899965,4.196381525791801,1.01,0.98,-0.994,0,-0.12424625931370045,-0.38104637885270165,-1.0,-0.991,8.901358,0.08522627112186892,1.043585021485574,0.13933496340279314,320.456612,0.0,0.15984854964311182,0.03188888888888889,0.02064485109036173,0.00612260191603392,0.076,0.003,0.026500000000000003,0,0.7537141149173248,-0.1464373404539776,0.0195,0.045,0.009191000000000001,1.8918526606993264,3.1307550644567224,2.0030224387996958,0.39897199999999994,0.0,3.404709670717037,-0.2811666666666667,4.577660164683846,89.2398199426769,14.268,0.061,0.488,5,-1.3566774930956758,2.643022602130155,-1.189,1.524,-15.933872999999998,4.014979389779868,8.348680171884592,2.6697826740512536,3478.563704,3.1307550644567224,7.376729118520787,1.5887777777777776,2.2403054245039287,32.003016048995555,7.927,0.305,1.3415,2,1.153981562460751,1.392962380689239,0.4575,2.1950000000000003,19.614615,2.9942477965704835,5.21792510742787,2.5582412591831267,1637.3912859999998,0.0,5.507177637069064,-0.782388888888889,0.9325645726161623,6.286783389641803,2.012,0.183,-0.976,4,0.6761821997114027,-0.5895036026877376,-1.4935,-0.27449999999999997,5.064100000000001,2.3160842016793652,4.174340085942296,2.212044181966952,339.63712400000003,0.0,4.2694897328930805,2.323,0.0,22.89468497648172,2.323,2.323,2.323,0,0.0,-3.0,2.323,2.323,48.566961,0.0,1.043585021485574,0.0,1748.4105959999995,0.0,0.0,-0.3736666666666666,0.004714045207910321,0.5924805293155211,0.382,0.366,-0.375,0,0.2966312947077096,-0.9910500000000195,-0.377,-0.37,1.2567279999999998,0.11288001139930488,1.043585021485574,0.19567045644461784,45.242774,0.0,0.20993531499328247,-0.8469444444444444,0.005816377473443441,3.0434528757530304,0.86,0.839,-0.846,0,-0.7229253880068826,-0.6098567562373849,-0.85,-0.842,6.4557459999999995,0.06723791063227551,1.043585021485574,0.11934549514738017,232.41568599999997,0.0,0.12559242036258939,-0.3466666666666667,0.032731228717133944,0.514416412077047,0.394,0.294,-0.356,0,0.19268290563331097,-1.1142518851937309,-0.3645,-0.3265,1.081772,0.5733399420793173,1.043585021485574,0.8422190230550362,39.111733999999984,0.0,1.0281212874340668,-5.000055555555556,12.674084992053764,787.5740590393425,33.232,0.366,-3.963,3,-0.9175261810355657,0.10149323473730121,-8.1405,3.1095,124.32619999999999,2.8334195176669486,5.21792510742787,2.495815820428595,34414.172528,1.043585021485574,5.18399008463941,1.1416111111111111,5.610639804463667,139.08460143502356,14.146,0.305,0.915,3,0.7550603966277379,0.09088209837666117,-2.195,2.317,19.636453000000003,3.0920593013896216,5.21792510742787,2.508953786418713,5588.317414,1.043585021485574,5.622660428571156,-0.2778333333333334,0.9589488023641073,4.22895463536942,2.012,0.122,-0.427,4,0.9197545242622143,0.08979159399578451,-0.8845000000000001,0.122,0.46848,3.3143989480252447,6.261510128913445,2.5229829362131087,174.249596,3.1307550644567224,6.236734634075356,0.0,0.0,0.0,0.0,0.0,0.0,0,0.0,-3.0,0.0,0.0,0.0,nan,0.0,-inf,0.0,9.392265193370166,nan,-0.05077777777777778,0.011688339657565454,0.01151876946552886,0.07,0.026,-0.051000000000000004,0,0.232210008116684,-0.886198638803199,-0.061,-0.043,0.02385,1.0941074065359788,1.043585021485574,1.3053892451497309,0.8575299999999998,0.0,2.009184637456427,0.004222222222222223,0.005349512496538099,0.0001970470896906513,0.012,0.001,0.003,2,-0.24735324035001036,-0.912961621581784,0.002,0.009,2.7000000000000006e-05,2.464826034144261,4.174340085942296,2.298071468481332,0.010413999999999998,0.0,4.438202409339984,-0.9748333333333333,0.018142185339393088,4.033177980862301,1.004,0.938,-0.9735,0,0.4111209368579152,-0.21418828213497187,-0.988,-0.9684999999999999,8.55285,0.13557060919514985,1.043585021485574,0.24882541762315435,307.9507099999999,0.0,0.24755681398658694,0.34216666666666673,0.688187494639199,2.5060432367698797,1.646,0.0,0.39649999999999996,4,-0.07321803768285845,-0.5621597978077935,-0.061,0.793,0.43535700000000005,2.986528482246795,6.261510128913445,2.529157616980462,114.74797399999999,0.0,5.620841049694609,0.999222222222222,3.4203714963201737,53.87044740646783,11.402,0.061,-0.122,3,1.6454085430380323,2.5945334809019878,-0.793,1.7985,-5.564176,3.383019632622578,6.261510128913445,2.684472991125933,2245.0494339999996,1.043585021485574,6.17605080063639,0.3083888888888888,0.2693473880179623,0.7112860179656205,0.976,0.061,0.244,2,0.5127149377566129,0.24800653380124782,0.1525,0.4575,0.66978,2.3860365975904756,4.174340085942296,2.3223605194011543,42.880804000000005,0.0,4.37565915956015,0.0,0.0,0.0,0.0,0.0,0.0,0,0.0,-3.0,0.0,0.0,0.0,nan,0.0,-inf,0.0,9.392265193370166,nan,0.1842777777777778,0.008244901155364352,0.14436127053122277,0.196,0.17,0.183,0,-0.11726773580217822,-1.115814159175741,0.18,0.192,0.305609,0.34204546033198796,1.043585021485574,0.5724965603825064,11.013562000000002,0.0,0.6270400962135422,-0.015111111111111112,0.016999636887915802,0.0021948594488030437,0.041,0.002,-0.019999999999999997,3,0.051611858350383295,-1.36220068099239,-0.026,0.002,2.1999999999999993e-05,2.4273784913927168,3.1307550644567224,2.18637408925068,0.12099999999999998,0.0,4.408126549922793,-1.0466111111111112,0.027150074460484952,4.650493985951176,1.091,1.0,-1.0375,0,-0.023916950090436404,-1.0246618126276623,-1.066,-1.0354999999999999,9.856577999999999,0.2013996242942035,1.043585021485574,0.30788440204913076,355.02755599999995,0.0,0.3753646112909607,-0.3183888888888889,5.584652780800143,132.7510313823955,14.695,0.732,-1.098,8,-0.47050083089545436,0.5717171446007003,-2.4695,2.2560000000000002,-2.9236079999999998,3.909434064584357,8.348680171884592,2.6868739092903287,5096.098136,3.1307550644567224,7.238526216723219,1.8021111111111112,4.686540241169253,106.9623339487012,10.549,0.732,2.4085,6,-0.11783187096546598,-0.6302963473312424,-1.616,4.2985,16.040501,4.230946409222643,8.348680171884592,2.633464796478934,4651.07101,3.1307550644567224,8.008768780872247,-0.23372222222222228,2.228290445998545,21.29765060574867,5.0,0.122,0.2135,8,-0.4326127184831475,0.582860684394749,-0.915,0.915,-2.562488,3.935631576687137,8.348680171884592,2.6486022966598264,840.29662,3.1307550644567224,7.335058095578229,153.84299999999996,2.842170943040401e-14,100413.41397950491,153.843,153.843,153.843,0,1.0,-2.0,153.843,153.843,213009.01784099996,0.0,1.043585021485574,0.0,7668324.642276,0.0,0.0,-0.21866666666666668,0.012871156384205218,0.20356519999962883,0.25,0.198,-0.219,0,-1.259677278225642,1.360044910644274,-0.222,-0.21,0.430771,0.4868480770523903,1.043585021485574,0.7010206685333102,15.519006,0.0,0.9038080836186504,-0.3217777777777777,0.020087463076245007,0.4409989292000102,0.348,0.288,-0.33,0,0.4610753394647306,-1.2303222383335717,-0.337,-0.3085,0.929051,0.34899011389161777,1.043585021485574,0.6037535415645565,33.613431999999996,0.0,0.6383546633346823,1.011888888888889,0.014925328542406217,4.345066047183197,1.039,0.987,1.0114999999999998,0,0.10571274717425357,-0.49580727590151064,1.005,1.0185,9.215803999999999,0.12928170615588075,1.043585021485574,0.21719904521501468,331.78694199999995,0.0,0.24002382930171276,-2.4628888888888887,3.5744725156912454,79.94270149478344,8.354,0.061,-2.256,3,0.05904351473345641,-0.9009796014810001,-5.3965,-0.39649999999999996,7.118031,2.5650334262778487,4.174340085942296,2.1545278266054213,4056.4708719999994,0.0,4.740658192293229,0.08466666666666672,2.6402662113254163,29.605885405602447,7.012,0.061,0.8540000000000001,5,-1.4678502864197833,1.357733824189113,0.0305,1.5545,-5.141019,3.472199951564798,7.305095150399018,2.582681271516609,1137.2501519999994,2.087170042971148,6.341191186368151,-0.24055555555555552,1.5372019032508466,10.270824991683968,4.024,0.0,0.0305,7,-0.8442925305741315,0.6165059954415999,-0.27449999999999997,0.183,-0.3050000000000001,3.534317444867721,7.305095150399018,2.6043939779400946,406.01730199999986,1.043585021485574,6.497804300874258,2119.256,0.0,19054742.9880373,2119.256,2119.256,2119.256,0,0.0,-3.0,2119.256,2119.256,40421213.94182399,0.0,1.043585021485574,0.0,1455163701.905664,0.0,0.0,174.38888888888889,879.2453922975902,3408893.674147092,2047.0,2.0,5.0,7,0.6986123323797642,-0.3916326676486639,-502.5,543.0,-134066.0,3.73743121037456,7.305095150399018,2.6060845340228163,137387283.99999997,2.087170042971148,6.877687208457492,1.0,0.0,4.242640687119286,1.0,1.0,1.0,0,0.0,-3.0,1.0,1.0,9.0,0.0,1.043585021485574,0.0,324.0,0.0,0.0,0.0,0.0,0.0,0.0,0.0,0.0,0,0.0,-3.0,0.0,0.0,0.0,nan,0.0,-inf,0.0,9.392265193370166,nan,0.0,0.0,0.0,0.0,0.0,0.0,0,0.0,-3.0,0.0,0.0,0.0,nan,0.0,-inf,0.0,9.392265193370166,nan,1.0,0.0,4.242640687119286,1.0,1.0,1.0,0,0.0,-3.0,1.0,1.0,9.0,0.0,1.043585021485574,0.0,324.0,0.0,0.0,0.5,0.5,2.121320343559643,1.0,0.0,0.5,0,0.0,-2.0,0.0,1.0,0.0,1.9670495283487281,3.1307550644567224,1.7888125491559768,122.0,0.0,3.7032828041279036,0.0,0.0,0.0,0.0,0.0,0.0,0,0.0,-3.0,0.0,0.0,0.0,nan,0.0,-inf,0.0,9.392265193370166,nan,1,1,3,11
2018-07-04T12:05:01.041038,-0.16757894736842105,0.029252648624074125,0.126139652954051,0.188,0.104,-0.183,0,1.3888734250201373,0.3733778592071548,-0.188,-0.16099999999999998,0.280404,0.8958431867957783,0.999333777481679,1.2563154863741626,10.292313000000004,0.0,1.672600191618273,-0.9891052631578947,0.05153628740671558,4.276015397792182,1.074,0.875,-0.992,0,0.7661381255935764,0.5779709557023405,-1.006,-0.984,9.780660000000001,0.36098583387658295,0.999333777481679,0.5986824437748397,353.656255,0.0,0.6620407913772246,0.03578947368421053,0.016829106826124103,0.006817776779165356,0.076,0.003,0.032,0,0.9804187704567421,1.2811318596832875,0.028,0.042499999999999996,0.012212,1.9510482110348295,2.9980013324450367,1.9834200285136272,0.5135210000000002,0.0,3.625593179825425,-1.2388421052631577,3.1922009114840777,51.10755144487128,9.146,0.061,0.061,4,-1.0913193387932465,0.2520032129480767,-3.1710000000000003,1.4020000000000001,-3.1890199999999997,2.323158518848193,4.996668887408394,2.3675003314837113,2393.3589159999983,1.998667554963358,4.270561169618794,2.3203684210526316,2.0479742805366508,41.75087776918585,6.585,0.122,2.073,2,0.7926053681242606,-0.3766504362023184,0.7015,3.3235,45.931236,1.8625867265717893,2.9980013324450367,2.0700992139142183,2700.716425999999,0.0,3.3436567348294757,-4.402947368421053,6.58289224928154,273.3919545820001,20.366,0.244,-1.341,4,-1.372763546331207,0.573041392108061,-5.518000000000001,-0.61,87.1312,1.8156562661205498,2.9980013324450367,1.9524172177007095,14820.198236999993,0.0,3.3548704025622733,2.323,0.0,23.52205277709789,2.323,2.323,2.323,0,0.0,-3.0,2.323,2.323,53.96329,8.190977089597638e-15,0.999333777481679,6.202070129721653e-14,1948.074769,0.0,1.471661051743114e-14,-0.3713157894736842,0.00377041993443628,0.6010469694146862,0.379,0.366,-0.371,0,-0.2253634634772111,-0.9529621423871983,-0.375,-0.369,1.377874,0.06621809718659498,0.999333777481679,0.14187091377931732,49.77559100000003,0.0,0.12403068943471096,-0.8466842105263158,0.005262105157873683,3.124902682174994,0.855,0.836,-0.847,0,0.047314385792453104,-0.784172252334304,-0.85,-0.843,7.166283,0.052752397815823394,0.999333777481679,0.09798426851575115,258.796567,0.0,0.09854210386752756,-0.34010526315789474,0.022052317545810784,0.5063205246523297,0.366,0.294,-0.35,0,0.8107815392432761,-0.6006067371035178,-0.356,-0.3285,1.162993,0.3755244091595342,0.999333777481679,0.6152179268676714,41.845222000000014,0.0,0.6909105106086756,-1.6432105263157892,4.395342158754057,95.97935222149667,8.72,0.366,-1.22,3,0.009785603625486071,-1.0810979135137047,-4.2985,1.6159999999999999,9.689547999999995,2.3870321874448126,3.997335109926716,2.3291619269627355,4461.836241999998,1.998667554963358,4.23822541944623,-0.24063157894736842,1.9401198338064292,16.659574571603596,3.78,0.122,0.122,4,-0.4326600142602144,-0.9141771510634347,-1.524,1.037,-1.3907999999999998,2.985986176061509,4.996668887408394,2.5386889695177572,700.3169109999995,1.998667554963358,5.382638570624138,-0.4911052631578947,0.6302176645486393,2.7825409942052772,1.402,0.183,-0.549,4,0.42343752091335923,-1.0006446407081677,-0.9455,0.0,1.870809,2.6389316522462725,4.996668887408394,2.416586175612728,158.7575229999999,0.0,4.858782031960449,0.0,0.0,0.0,0.0,0.0,0.0,0,0.0,-3.0,0.0,0.0,0.0,nan,0.0,-inf,0.0,8.99400399733511,nan,-0.05042105263157896,0.0068002770026683035,0.011283124623221966,0.07,0.043,-0.049,0,-1.3598017483329046,1.5226052611443297,-0.053,-0.045,0.025238,1.0112386467706418,0.999333777481679,1.2617762374481991,0.9261109999999999,0.0,1.878126530419129,0.005684210526315789,0.0028663681693031793,0.00017665011508033254,0.01,0.001,0.006,0,-0.15088096373678972,-1.3976496495003614,0.003,0.0085,0.00031899999999999995,2.271263274081553,3.997335109926716,2.2038177143050945,0.013147,0.0,4.305003588608494,-0.9781578947368421,0.008361963745026063,4.170868202150223,0.988,0.956,-0.979,0,0.8276445372677929,0.30288179568439144,-0.9855,-0.974,9.569500999999999,0.06777916277000914,0.999333777481679,0.11973419474835777,345.41484600000007,0.0,0.12422882616865416,0.5487894736842105,0.620152492193176,2.9891541806235082,1.768,0.061,0.427,3,0.5715405468866832,-0.5749035008397883,0.2135,0.7625,2.1271310000000003,2.1326666665605725,3.997335109926716,2.150493397679563,178.14066399999993,0.0,3.779226247259534,0.3594210526315789,1.0725719858452134,5.577621623008186,2.073,0.061,0.244,3,-0.10807110727483048,-1.0495283733934748,-0.39649999999999996,1.25,0.12626999999999994,2.3779625809549065,3.997335109926716,2.228432672136149,254.28436599999978,1.998667554963358,4.195157335266374,0.3017894736842105,0.13198348339544866,0.47292539393572763,0.549,0.061,0.305,0,-0.08808893618675616,-0.6946486467560655,0.2135,0.427,0.881877,1.2983377652735648,1.998667554963358,1.7719048765837033,36.02300099999999,0.0,2.333022671333004,0.0,0.0,0.0,0.0,0.0,0.0,0,0.0,-3.0,0.0,0.0,0.0,nan,0.0,-inf,0.0,8.99400399733511,nan,0.18773684210526317,0.005561541865565495,0.15376474854807462,0.196,0.18,0.185,0,0.13869271545948006,-1.4542502701886435,0.184,0.193,0.35388899999999995,0.2324776913844052,0.999333777481679,0.36350999289809083,12.729072000000004,0.0,0.4293809094185946,-0.024631578947368424,0.01281533015495931,0.003360481669735989,0.041,0.007,-0.023,2,1.2891763251303083,1.6201505697411838,-0.035,-0.0215,0.005485,2.0829806581328367,2.9980013324450367,2.0874134225168897,0.248668,0.0,3.9016356794689897,-1.0439473684210525,0.015322751175983687,4.751465282463421,1.07,1.007,-1.039,0,0.39340261602966153,-0.18276588665407045,-1.056,-1.0365,10.907765000000001,0.16132429768255246,0.999333777481679,0.25181552737488205,393.46960400000006,0.0,0.3056008828203927,0.661,2.7119456018453656,33.96266601210747,5.61,0.305,0.732,7,-0.20583575068697518,-0.16218224287516447,-0.9455,2.1035,5.165298999999999,3.8311565620790646,7.994670219853432,2.678406206961157,1485.2426159999968,1.998667554963358,7.16734758940607,0.26952631578947367,3.053866804533851,40.96818791007461,6.707,0.183,0.244,8,-0.33391264285832506,-0.6129288042661862,-2.2865,3.0795,2.9048809999999996,4.083157558081737,7.994670219853432,2.7168944154603882,1709.5861349999977,2.9980013324450367,7.729240355165246,0.44610526315789467,1.264839656771055,7.840914974788995,3.598,0.061,0.366,9,0.09123842498994737,1.0227180792720194,-0.305,1.1284999999999998,2.139575,4.504091185712822,8.99400399733511,2.735532531110455,360.6099699999996,0.0,8.606509776114434,153.96531578947366,0.5189419450981722,103330.26147312816,156.167,153.843,153.843,0,4.00693842672383,14.055555555555877,153.843,153.843,237034.21762199997,0.04521969685293384,0.999333777481679,0.07717836197178271,8557668.575064998,0.0,0.08606963784516432,-0.21842105263157893,0.004344576649155571,0.20803556396822867,0.224,0.209,-0.219,0,0.9835211145185785,0.16323197746587859,-0.222,-0.2175,0.47727899999999995,0.16524457166259537,0.999333777481679,0.27791293954360774,17.225907,0.0,0.3098387249020226,-0.3401578947368421,0.008474501431661645,0.5046698784471311,0.351,0.319,-0.341,0,0.661158836945435,-0.11865438211684198,-0.3465,-0.3335,1.153888,0.15866520357210376,0.999333777481679,0.3068125553531146,41.78333199999998,0.0,0.30199067653053896,1.0084736842105262,0.006885288825900233,4.433290436484209,1.02,0.99,1.01,0,-0.7238204613246059,0.8643431930094865,1.005,1.012,10.173662,0.06444931997475879,0.999333777481679,0.11614540194455855,367.1524779999999,0.0,0.11869314482164835,-0.35936842105263145,1.8540944792405103,15.547373058608192,3.841,0.061,-0.854,3,0.790250483726404,-0.053231153841329704,-1.7069999999999999,0.5795,-3.2561809999999998,3.2722555182934188,5.9960026648900735,2.5882872545607793,667.1203579999994,1.998667554963358,6.021017800257597,0.5232105263157895,0.6172434970301743,2.853940217731942,2.012,0.061,0.61,6,0.031406463830405754,0.9535931685982715,0.122,0.8235,2.562976,2.8581662126951275,4.996668887408394,2.45439212926818,167.59209199999995,0.0,5.377143423522303,0.25031578947368427,0.7236488718644509,2.5557344054760254,2.195,0.061,0.061,3,1.1555844803903483,1.259498546051403,-0.244,0.5185,1.078724,3.2290730349255643,5.9960026648900735,2.5422366072286406,117.1415539999999,1.998667554963358,6.063723665133656,2139.3345789473688,85.18619598164196,19981232.54812187,2500.749,2119.256,2119.256,0,4.006938426723752,14.055555555555465,2119.256,2119.256,45720941.26456799,0.4862529072600419,0.999333777481679,0.5923804680170163,1653517463.2668896,0.0,0.9255172975869871,-19.894736842105264,401.69717511903787,705079.892837236,981.0,12.0,84.0,5,-0.8647702859239772,0.4595013853400678,-148.0,192.5,9967.0,4.380167974016734,8.99400399733511,2.680339302486258,29268475.999999963,1.998667554963358,8.199134793287481,1.0,0.0,4.358898943540673,1.0,1.0,1.0,0,0.0,-3.0,1.0,1.0,10.0,7.830616831002135e-15,0.999333777481679,6.072432065971048e-14,361.0,0.0,1.4032044925352816e-14,0.05263157894736842,0.22329687826943606,0.22941573387056174,1.0,0.0,0.0,0,4.006938426723769,14.055555555555554,0.0,0.0,0.0,4.563108970536481,8.99400399733511,2.8251968975672574,9.999999999999996,0.0,8.68526690524717,0.0,0.0,0.0,0.0,0.0,0.0,0,0.0,-3.0,0.0,0.0,0.0,nan,0.0,-inf,0.0,8.99400399733511,nan,1.0,0.0,4.358898943540673,1.0,1.0,1.0,0,0.0,-3.0,1.0,1.0,10.0,7.830616831002135e-15,0.999333777481679,6.072432065971048e-14,361.0,0.0,1.4032044925352816e-14,0.05263157894736842,0.22329687826943606,0.22941573387056174,1.0,0.0,0.0,0,4.006938426723769,14.055555555555554,0.0,0.0,0.0,4.563108970536481,8.99400399733511,2.8251968975672574,9.999999999999996,0.0,8.68526690524717,0.0,0.0,0.0,0.0,0.0,0.0,0,0.0,-3.0,0.0,0.0,0.0,nan,0.0,-inf,0.0,8.99400399733511,nan,1,1,3,11
2018-07-04T12:05:01.541038,-0.14565,0.025888752383998733,0.09786889405960403,0.188,0.104,-0.1455,0,-0.024495595858520347,-0.9216532175380254,-0.16449999999999998,-0.127,0.21332,0.7786298118346549,0.964467005076142,1.1249304486419087,8.620159000000003,0.0,1.4433747400802894,-0.9972500000000002,0.06112027077819601,4.464279530160632,1.074,0.875,-1.004,0,0.5470572978235776,-0.6966672686148003,-1.059,-0.956,9.957744,0.3562060788763776,0.964467005076142,0.5746632842264897,398.55022299999996,0.0,0.6755790400658122,0.029950000000000004,0.0034565155865408743,0.004064947976296868,0.034,0.024,0.03,0,-0.2629203967733006,-1.2934389271329474,0.0275,0.0335,0.009027,0.6892620004189353,0.964467005076142,0.9089956669123079,0.3612149999999999,0.0,1.318702860528379,-0.5061000000000002,3.6415808915909036,60.45097347672773,9.146,0.061,0.0915,4,-0.6643500149609952,0.17952769283781,-2.1645,1.7069999999999999,0.141398,2.561218596414039,4.82233502538071,2.3754492391109867,2754.70742,1.928934010152284,4.568502605453338,1.36285,2.5273773417319387,36.872744625675296,6.585,0.0,0.6100000000000001,3,0.7481918420746664,-0.3138556055996946,-0.183,2.7744999999999997,0.7665260000000003,1.8745981016717277,2.893401015228426,2.141335374454302,2020.7857189999993,0.0,3.389047596760574,-1.96645,8.738326902073416,358.778371039069,20.366,0.061,-0.183,5,-0.5285221851467397,-0.3174889408175572,-5.8535,3.7195,-25.445179999999997,2.131669771705892,3.857868020304568,2.2156457451789056,16818.977263000004,1.928934010152284,3.7717669532949016,2.323,0.0,24.133116945906917,2.323,2.323,2.323,0,0.0,-3.0,2.323,2.323,53.96329,0.0,0.964467005076142,0.0,2158.5316000000003,0.0,0.0,-0.37105,0.0025782746168707496,0.6157449209301283,0.375,0.366,-0.3715,0,0.5453763981950885,-0.5283645727800677,-0.373,-0.369,1.376801,0.05750634114729505,0.964467005076142,0.11826888052242618,55.07257099999998,0.0,0.10608121345846545,-0.8467499999999999,0.0046569840025492935,3.2065539027203713,0.855,0.836,-0.847,0,0.21850606533395345,-0.24343363037648258,-0.85,-0.8434999999999999,7.169810999999999,0.05550868908373942,0.964467005076142,0.0995588580589236,286.79856700000005,0.0,0.10376251753959796,-0.3435,0.01034166330915872,0.5281556785766864,0.363,0.321,-0.343,0,0.041363750993131165,-0.6759827343261753,-0.3525,-0.335,1.1798140000000001,0.27266620455035123,0.964467005076142,0.40244707752049275,47.21836199999999,0.0,0.5067999669408372,0.2926500000000001,2.3606912817011887,25.30561417156439,5.488,0.0,0.061,3,0.31514489634106996,0.1077482604045632,-0.8845000000000001,0.793,-1.156682,2.617806407444986,4.82233502538071,2.3919279854991893,1150.5065549999997,0.964467005076142,4.749437726143752,-1.3047499999999999,1.1773278164980219,13.812072714593004,3.598,0.122,-1.463,2,0.23814257425051433,-0.16195854694113754,-1.7375,-0.8540000000000001,15.692863000000001,1.9057633018459872,2.893401015228426,2.240712671841219,958.7708869999999,0.0,3.5191311528413802,-0.23174999999999998,0.5832714526701954,1.76163539733012,1.402,0.061,-0.183,5,-0.4852339577404905,-0.823988149630317,-0.671,0.27449999999999997,0.32744799999999996,3.486386736063541,6.751269035532994,2.6969933236320625,90.780455,0.0,6.640882630422252,0.0,0.0,0.0,0.0,0.0,0.0,0,0.0,-3.0,0.0,0.0,0.0,nan,0.0,-inf,0.0,9.64467005076142,nan,-0.04945000000000001,0.0030244834269673223,0.010976634094748717,0.056,0.045,-0.049,0,-0.10878694875692156,-0.7917734920562238,-0.052,-0.047,0.02443,0.42695675543510486,0.964467005076142,0.6325633595796554,0.9799550000000001,0.0,0.7778883967103296,0.00685,0.0017109938632268672,0.00022293597735672903,0.01,0.003,0.006,0,-0.005839565240466488,-0.46370112912318184,0.006,0.0085,0.00047200000000000003,1.6459496577149113,1.928934010152284,1.592974079147667,0.019379000000000007,0.0,3.057475208452576,-0.97915,0.00491197516280366,4.287699925259048,0.986,0.968,-0.979,0,0.2802271416470903,-0.5067370986309392,-0.985,-0.9764999999999999,9.587385999999999,0.055386406012583565,0.964467005076142,0.09192785912498247,383.4987549999999,0.0,0.1043455015101718,0.5184,0.6535527828722022,3.112024352578367,1.768,0.0,0.42700000000000005,4,0.146898412617337,-1.0952576361389894,-0.0305,1.0979999999999999,1.32797,2.3829505400666613,4.82233502538071,2.3346625862835264,192.929114,0.0,4.515640646515069,-0.030450000000000005,0.6980066242522345,2.183030457534674,1.524,0.0,0.061,3,-0.30873553235795514,0.22737434513620602,-0.305,0.27449999999999997,-0.26791200000000004,3.0309248514710427,5.786802030456852,2.5588593193653195,97.82109499999999,2.893401015228426,5.608848730597268,0.25009999999999993,0.0981702093305296,0.32283186703793665,0.427,0.061,0.244,0,-0.09068639828125435,-0.3769472727001695,0.183,0.305,0.662338,1.3569059344696364,1.928934010152284,1.7121962744433465,26.954923999999995,0.0,2.503351858325862,0.0,0.0,0.0,0.0,0.0,0.0,0,0.0,-3.0,0.0,0.0,0.0,nan,0.0,-inf,0.0,9.64467005076142,nan,0.1877,0.004196427051671461,0.1576378730641847,0.195,0.182,0.188,0,0.32444246771046226,-1.220792739141751,0.184,0.191,0.352437,0.17010653464249328,0.964467005076142,0.27937231450765265,14.096039999999999,0.0,0.3192650747047966,-0.025,0.0051088159097779215,0.0029118077203002268,0.035,0.013,-0.024,0,-0.19574007317156744,0.2769630510415291,-0.0285,-0.022,0.006301,1.2436389495636848,0.964467005076142,1.4304638971804555,0.255252,0.0,2.3169066237872755,-1.0467,0.010266937225872222,4.900058097630456,1.064,1.025,-1.047,0,0.40102459806341595,-0.04521883510308333,-1.0545,-1.041,10.956038,0.07588854305208721,0.964467005076142,0.15952488243709273,438.25348800000006,0.0,0.13969098557126788,1.0914499999999998,1.9145646365427311,21.720363150276615,5.61,0.122,0.7625,5,0.5593077170695412,-0.1509709767682308,-0.3355,1.951,10.159124000000002,3.9005430394978524,7.715736040609136,2.628497543555428,1240.0758029999997,0.0,7.3731628727698935,0.38414999999999994,2.3452817799786874,25.25825648786892,4.329,0.183,0.427,10,-0.04291642252822822,-0.7438426661369877,-0.8235,1.9514999999999998,0.4140660000000014,4.824026749520912,9.64467005076142,2.834160456699022,1159.1651590000001,7.715736040609136,9.275899803166256,0.41769999999999996,1.1533318299604844,6.728988631563824,3.598,0.061,0.3355,9,0.21517633479389864,2.3160827194717024,-0.1525,0.9455,0.07478599999999996,3.861659375346195,7.715736040609136,2.665927802858499,337.852276,1.928934010152284,7.301278118256528,155.1212,1.1561754019178985,107617.13719413195,156.167,153.843,156.167,0,-0.20100756305182024,-1.9595959595959658,153.843,156.167,240614.929918,0.045967395028639634,0.964467005076142,0.10725787429471835,9625304.724576002,0.0,0.08606760754953914,-0.22080000000000002,0.0026944387170614982,0.218060901952184,0.225,0.217,-0.2195,0,-0.2588741977095923,-1.372014662022184,-0.223,-0.219,0.48750000000000004,0.12082503810851207,0.964467005076142,0.2121179973979883,19.502526000000003,0.0,0.22892349748860263,-0.34375,0.005280861672113727,0.5285704691865123,0.351,0.332,-0.3445,0,0.36476362531725603,-0.7861109531737687,-0.348,-0.34,1.1818520000000001,0.12669991836179414,0.964467005076142,0.21104425349496797,47.271263,0.0,0.2345405762996608,1.0068,0.0035860842154082175,4.533221307222513,1.013,1.0,1.007,0,-0.16861445340905548,-0.5583977709463821,1.0045,1.009,10.136454999999998,0.02961573716278876,0.964467005076142,0.062139374306397425,405.4610700000001,0.0,0.05544741228938371,-0.36275,1.1204450845534553,6.202784369511104,2.195,0.0,-0.2135,4,-0.12125827646020573,-1.0258664793777894,-1.25,0.5185,0.431392,2.8946227386385415,4.82233502538071,2.415515225746122,305.73652300000003,1.928934010152284,5.377636462271982,0.5459499999999998,0.343704011469171,1.8612754808347014,1.098,0.061,0.61,4,-0.6377856116658297,-0.5294702338301764,0.39649999999999996,0.7625,2.9768,2.4975308984284648,3.857868020304568,2.1156050290860753,142.942215,0.0,4.677205429432184,0.19215,0.40613129342615295,0.9027643704540238,0.915,0.061,0.244,3,-0.2002548921266096,-1.1183905310031492,-0.183,0.5185,0.06325700000000012,3.0284498099413426,5.786802030456852,2.4984130326992173,48.42881499999999,0.0,5.582314735865419,2329.0771499999987,189.79037117205786,24420638.417922445,2500.749,2119.256,2500.749,0,-0.20100756305182477,-1.9595959595959644,2119.256,2500.749,53951291.46569698,0.4412960332523262,0.964467005076142,0.7177285780343831,2177116993.713298,0.0,0.8262659604588342,55.15,120.59737766634895,78643.62880265636,388.0,1.0,64.0,5,0.5170532907239501,1.3391296060609408,-32.5,116.5,6710.0,3.7074035780307,7.715736040609136,2.566164382782993,4148899.0000000005,0.0,7.071477391137596,1.0,0.0,4.47213595499958,1.0,1.0,1.0,0,0.0,-3.0,1.0,1.0,10.0,0.0,0.964467005076142,0.0,400.0,0.0,0.0,0.55,0.4974937185533099,2.4596747752497685,1.0,0.0,1.0,0,-0.2010075630518427,-1.9595959595959596,0.0,1.0,1.0,2.0798595951490135,2.893401015228426,2.182262376997112,171.0,0.0,3.894250245894915,0.0,0.0,0.0,0.0,0.0,0.0,0,0.0,-3.0,0.0,0.0,0.0,nan,0.0,-inf,0.0,9.64467005076142,nan,1.0,0.0,4.47213595499958,1.0,1.0,1.0,0,0.0,-3.0,1.0,1.0,10.0,0.0,0.964467005076142,0.0,400.0,0.0,0.0,0.55,0.4974937185533099,2.4596747752497685,1.0,0.0,1.0,0,-0.2010075630518427,-1.9595959595959596,0.0,1.0,1.0,2.0798595951490135,2.893401015228426,2.182262376997112,171.0,0.0,3.894250245894915,0.0,0.0,0.0,0.0,0.0,0.0,0,0.0,-3.0,0.0,0.0,0.0,nan,0.0,-inf,0.0,9.64467005076142,nan,1,1,3,11
2018-07-04T12:05:02.041038,-0.14161111111111108,0.0099338863877856,0.08549934504265061,0.157,0.116,-0.143,0,0.9118337074115995,0.6772330654630911,-0.146,-0.1425,0.180306,0.5927904937938728,1.0057981303987693,0.7374069436730767,6.514,0.0,1.094164986887168,-1.0025555555555554,0.037504403033691666,4.270320617771094,1.062,0.948,-0.9964999999999999,0,-0.33906001785514056,-1.0681070204764773,-1.025,-0.972,9.042684,0.2541942068517311,1.0057981303987693,0.4384323067295654,325.8864939999999,0.0,0.46675036809325104,0.029500000000000002,0.003760171390892827,0.003752144283236217,0.034,0.024,0.028999999999999998,0,-0.08464271618407809,-1.6988123405421471,0.0265,0.033,0.0077870000000000005,0.8034096085533222,1.0057981303987693,1.0192549376414273,0.284312,0.0,1.5066163704109887,0.2913333333333332,2.1717746711439063,20.37095582060307,5.549,0.122,-0.27449999999999997,5,1.1813143961403478,0.40995924730777,-0.732,0.6405,-3.1688279999999995,2.9289883066927076,6.034788782392616,2.3476441166472384,795.52079,3.017394391196308,5.375686087806066,0.25077777777777777,1.1279113221425183,5.66423691569249,2.317,0.0,0.427,1,-0.9495517606595437,0.052923273043465446,0.0915,1.0065,-1.6257729999999992,2.9739797059461712,6.034788782392616,2.525703476558908,228.140788,1.0057981303987693,5.445934725522521,2.0155000000000003,4.531126831276201,104.34074993528994,11.646,0.061,1.25,5,0.7890201325542539,-0.006862712970584273,-0.488,3.7195,30.744066,2.8059086300215985,5.028990651993847,2.4140310301008387,4663.493532,0.0,5.115352948548261,2.323,0.0,22.89468497648172,2.323,2.323,2.323,0,0.0,-3.0,2.323,2.323,48.566961,0.0,1.0057981303987693,0.0,1748.4105959999995,0.0,0.0,-0.37388888888888894,0.00382809626154494,0.59315322356669,0.379,0.366,-0.373,0,0.5150193305502035,-0.3174576587561275,-0.3765,-0.3725,1.25811,0.08382522133428139,1.0057981303987693,0.17490224738857924,45.295276,0.0,0.15714607136475653,-0.8458888888888888,0.002845832994414602,3.035762618103105,0.85,0.841,-0.846,0,0.1334976173460263,-1.0259657569898983,-0.8474999999999999,-0.844,6.439773,0.03767891576505804,1.0057981303987693,0.07031287390895403,231.83245999999997,0.0,0.07129648255169567,-0.33949999999999997,0.005079916884709379,0.48911730995749436,0.35,0.334,-0.338,0,-0.7348636544755311,-0.4952928076417975,-0.3425,-0.3355,1.037428,0.08596656975367127,1.0057981303987693,0.17757203780074476,37.348586000000005,0.0,0.16127410827345895,-0.0202777777777778,0.5570906375044026,1.318447969676658,1.341,0.0,-0.0305,6,-0.5113050317628529,-0.07813672375470038,-0.2135,0.305,-0.022326,4.030093890751516,8.046385043190154,2.582782868098304,50.439933999999994,2.0115962607975386,7.622173814612304,-1.531,0.3198581282728675,10.378645576488335,2.256,1.037,-1.5545,0,-0.5533992035834019,-0.10871632403928189,-1.6764999999999999,-1.3105,21.690446,1.4748314308683101,2.0115962607975386,1.4391112452324077,776.135556,0.0,2.764235711173239,0.13894444444444445,0.2594437366157368,0.36748315848038826,0.61,0.0,0.122,4,0.015359875188154341,-1.0427454012612787,-0.0305,0.3355,0.052094,3.4341415804374122,7.040586912791385,2.515083610704733,17.250555999999996,2.0115962607975386,6.494523240732271,0.0,0.0,0.0,0.0,0.0,0.0,0,0.0,-3.0,0.0,0.0,0.0,nan,0.0,-inf,0.0,9.052183173588924,nan,-0.05094444444444445,0.0025270145367875902,0.011038172556582402,0.054,0.046,-0.051,0,0.5984842886254286,-0.6427646859985785,-0.0525,-0.05,0.023351999999999998,0.34398777533817937,1.0057981303987693,0.5835995602128816,0.8419359999999999,0.0,0.6416407478674389,0.005555555555555556,0.0023147407395555175,0.00015367787377787627,0.01,0.0,0.005,0,-0.07089627793378396,0.3301407972137871,0.0045000000000000005,0.006,0.000255,1.668249485989452,2.0115962607975386,1.8383827887668884,0.010870000000000001,0.0,3.1155842163017873,-0.978611111111111,0.0030210169165161196,4.063129609899801,0.985,0.972,-0.979,0,-0.27749334951575605,0.7402723903398045,-0.9795,-0.9775,8.619133,0.031065538972899535,1.0057981303987693,0.05996902017506473,310.28981600000003,0.0,0.05757959351529002,0.772611111111111,0.5070562251191664,3.6233591608809723,1.28,0.0,0.976,1,-1.3839093870203576,0.5270467282653226,0.8845000000000001,1.037,4.810399,2.0503588768432546,3.017394391196308,2.1798839930549265,235.323004,0.0,3.823678289570509,-0.13555555555555554,0.20691657530464413,0.2596062408357875,0.427,0.0,-0.183,3,0.8743626445599058,0.1407605592293084,-0.27449999999999997,-0.061,0.137677,3.339154417265508,7.040586912791385,2.395077588639318,12.896985999999998,0.0,6.128935527690968,0.23044444444444442,0.04339895316482264,0.2332947975078361,0.305,0.183,0.244,0,0.35043868521345867,-0.9886972040452107,0.183,0.244,0.47256699999999996,1.337587887831435,1.0057981303987693,1.3497932560072294,17.51846799999999,0.0,2.4546597280117104,0.0,0.0,0.0,0.0,0.0,0.0,0,0.0,-3.0,0.0,0.0,0.0,nan,0.0,-inf,0.0,9.052183173588924,nan,0.18527777777777776,0.005393468844152116,0.1457641703850969,0.194,0.175,0.1855,0,0.06383374099289352,-1.006105653314946,0.181,0.1885,0.309001,0.22718925589348463,1.0057981303987693,0.3795145895823704,11.126962000000002,0.0,0.4161385197975725,-0.02416666666666667,0.0033374973990834647,0.0025250783156171614,0.029,0.013,-0.0245,0,1.8669943970644223,4.368517608721343,-0.026,-0.024,0.005242,1.0663146342329834,1.0057981303987693,1.2362349239291242,0.19114200000000003,0.0,2.002509579063535,-1.048111111111111,0.006190394789859631,4.660859935661111,1.064,1.041,-1.047,0,-0.8135953202268232,0.08595265337714197,-1.052,-1.043,9.886797,0.06838962457440034,1.0057981303987693,0.12205521840689161,355.9322919999999,0.0,0.12885404216182259,0.7487777777777777,1.2871730245237927,9.40798171317725,3.171,0.0,0.732,3,-0.17737650528454119,0.30526782022037047,0.2135,1.311,4.797772,4.183798752724234,8.046385043190154,2.5556856607973195,478.1704179999999,0.0,7.8315491392090895,0.4472222222222222,2.333846147351229,23.957536707878713,5.61,0.244,0.915,8,-1.052527010781318,0.7142487231113961,-0.244,1.8290000000000002,3.4566880000000033,4.484644370549283,9.052183173588924,2.63186648876633,983.6218779999998,6.034788782392616,8.51929516720211,0.22361111111111112,0.5608032075998861,1.5464517228431351,1.402,0.061,0.2135,8,0.18506589830474798,-0.6520111025255484,-0.183,0.5795,0.275354,4.284130137416411,9.052183173588924,2.695614889195561,70.12402399999999,0.0,8.060514361995022,156.167,0.0,103470.08063510276,156.167,156.167,156.167,0,0.0,-3.0,156.167,156.167,219493.18700099998,0.0,1.0057981303987693,0.0,7901754.732035999,0.0,0.0,-0.2225,0.0019790570145063213,0.21005384752605705,0.225,0.219,-0.222,0,0.19351576058549788,-1.0076957899502037,-0.2245,-0.2215,0.445563,0.0647923659362727,1.0057981303987693,0.13969109117387554,16.040672000000008,0.0,0.11791572869974785,-0.34400000000000003,0.0031446603773521843,0.502099083353298,0.348,0.337,-0.3445,0,0.9754362513766751,0.33935109203389136,-0.3455,-0.344,1.065032,0.06600039055928898,1.0057981303987693,0.13749614833867582,38.342516,0.0,0.12086093873510145,1.0062222222222221,0.0010829771494232142,4.295607227670844,1.008,1.004,1.007,0,-0.4492705204919462,-1.0278116343490706,1.005,1.007,9.112348999999998,0.011817053045279378,1.0057981303987693,0.0232829699534621,328.04473399999983,0.0,0.022502966894792528,0.10166666666666668,0.5050695221672182,1.1261297744363215,0.976,0.0,0.122,4,-0.23326431231497569,-0.7398480124195861,-0.2135,0.427,-0.2120970000000001,3.1492071949806437,6.034788782392616,2.4650200459797844,45.038983999999985,3.017394391196308,5.868952433484037,0.5964444444444443,0.28142064644747294,1.8453092254003274,0.976,0.061,0.6405000000000001,2,-1.3445215645847457,1.368601321052318,0.5489999999999999,0.7625,3.069825,1.864565840591922,3.017394391196308,1.896981756821953,128.09914600000002,0.0,3.5438615402836358,0.25077777777777777,0.3419924553351621,0.7630318565105918,0.915,0.061,0.305,4,-0.36337291425123036,-0.36743927445914304,0.122,0.4575,0.431636,2.503129965328946,5.028990651993847,2.3559927345028173,39.50957799999999,0.0,4.600499963091855,2500.7489999999993,4.547473508864641e-13,26532395.363994468,2500.749,2500.749,2500.749,0,1.0,-2.0,2500.749,2500.749,56283710.049008995,0.0,1.0057981303987693,0.0,2026213561.7643237,0.0,0.0,80.33333333333333,112.39711344652545,80977.39717696264,221.0,1.0,97.5,5,-0.6366690773604309,-0.08869832952719925,4.5,173.5,37281.0,3.5845538741499947,7.040586912791385,2.5089528414009785,4285447.999999999,0.0,6.688565507286506,1.0,0.0,4.242640687119286,1.0,1.0,1.0,0,0.0,-3.0,1.0,1.0,9.0,0.0,1.0057981303987693,0.0,324.0,0.0,0.0,1.0,0.0,4.242640687119286,1.0,1.0,1.0,0,0.0,-3.0,1.0,1.0,9.0,0.0,1.0057981303987693,0.0,324.0,0.0,0.0,0.0,0.0,0.0,0.0,0.0,0.0,0,0.0,-3.0,0.0,0.0,0.0,nan,0.0,-inf,0.0,9.052183173588924,nan,1.0,0.0,4.242640687119286,1.0,1.0,1.0,0,0.0,-3.0,1.0,1.0,9.0,0.0,1.0057981303987693,0.0,324.0,0.0,0.0,1.0,0.0,4.242640687119286,1.0,1.0,1.0,0,0.0,-3.0,1.0,1.0,9.0,0.0,1.0057981303987693,0.0,324.0,0.0,0.0,0.0,0.0,0.0,0.0,0.0,0.0,0,0.0,-3.0,0.0,0.0,0.0,nan,0.0,-inf,0.0,9.052183173588924,nan,1,1,3,11
2018-07-04T12:05:02.541038,-0.1466842105263158,0.002902859417502671,0.09382392326530974,0.152,0.142,-0.148,0,0.05964972998632827,-0.655550109123161,-0.148,-0.1445,0.21547099999999997,0.15253124783677663,1.0827067669172934,0.2544076485599615,7.768890000000001,0.0,0.28748029606465414,-0.9940526315789472,0.011838712964412107,4.307816089158384,1.027,0.972,-0.994,0,-0.5325319207393008,1.6121481415790733,-1.0,-0.9895,9.879368,0.1428265279290516,1.0827067669172934,0.2005493469264268,356.74406700000003,0.0,0.2640357876436754,0.02931578947368421,0.0023631520337519633,0.003770447586162682,0.033,0.026,0.029,0,0.3624465453316301,-1.1545197940287215,0.0275,0.031,0.008556999999999999,0.6788413215166893,1.0827067669172934,0.8512364155398902,0.311257,0.0,1.2872258161856573,-0.4525789473684211,0.5765353246848092,2.34169067285346,2.012,0.061,-0.427,7,-0.942690838002033,0.8351545081893277,-0.732,-0.061,1.8043799999999999,4.035520134902483,8.661654135338347,2.3770917890033902,133.9397339999999,0.0,7.865269419392547,0.7639473684210527,0.3410163560955013,3.050827094696996,1.402,0.244,0.732,0,0.28059313080615156,-0.8318002735650301,0.488,1.0065,6.1183,1.536542364195688,2.165413533834587,1.5610567095512846,231.67595899999995,0.0,2.8444759467351797,0.37547368421052635,0.8966012062180654,4.118611198041985,1.89,0.061,0.427,5,-0.4955769560973988,0.044423280895327544,-0.183,1.1285,1.0634740000000003,2.9867240923015523,6.496240601503761,2.3641550109737097,195.99677299999985,3.2481203007518804,5.681238300327055,2.323,0.0,23.52205277709789,2.323,2.323,2.323,0,0.0,-3.0,2.323,2.323,53.96329,8.874338606786928e-15,1.0827067669172934,6.202070129721653e-14,1948.074769,0.0,1.5944396309171114e-14,-0.38063157894736843,0.00352749391160338,0.6315732563792371,0.386,0.375,-0.38,0,-0.15499001773219667,-1.3164969642280857,-0.384,-0.3785,1.448518,0.06894865743334323,1.0827067669172934,0.1355492785043632,52.30407000000001,0.0,0.1300345767615408,-0.8452631578947368,0.0028440539128644854,3.1143369405515853,0.848,0.84,-0.847,0,0.8023037929088793,-0.9597856070557182,-0.847,-0.843,7.146129999999999,0.03124373369614052,1.0827067669172934,0.05979037113413957,257.92506000000003,0.0,0.05833082436722719,-0.3352105263157895,0.003707445529548703,0.4898523750278993,0.342,0.33,-0.335,0,-0.3293446026971702,-0.9552402369251856,-0.338,-0.332,1.1235270000000002,0.08973847988861758,1.0827067669172934,0.17036949200522963,40.56664200000001,0.0,0.16893611718936516,-0.44294736842105265,0.5392312728792439,2.122664948154163,1.341,0.0,-0.366,4,-0.0457224764381691,-0.7844197043862886,-0.8845000000000001,-0.122,1.607838,3.4976695249888885,6.496240601503761,2.5634435560243913,123.31310699999997,0.0,6.513261835680767,-1.460157894736842,0.3153282772566918,9.726852480218406,2.134,0.976,-1.463,0,-0.3897278492438578,-0.6550305479778546,-1.6764999999999999,-1.22,21.158341,1.5954415948837395,2.165413533834587,1.5240945697300408,787.621511,0.0,3.0102471632271603,0.15731578947368421,0.19920791905406374,0.28085280614594654,0.488,0.0,0.122,3,0.05950113044497033,-0.6362304604486426,0.0305,0.27449999999999997,0.21209699999999998,3.3881762647543305,6.496240601503761,2.5428908948375755,16.09704599999998,0.0,6.3659609762548675,0.0,0.0,0.0,0.0,0.0,0.0,0,0.0,-3.0,0.0,0.0,0.0,nan,0.0,-inf,0.0,9.744360902255641,nan,-0.05410526315789474,0.0018888798363080397,0.01277570338778384,0.058,0.051,-0.054,0,-0.08255332527901436,-0.2255458894332798,-0.055,-0.054,0.029265,0.2793108598154931,1.0827067669172934,0.43523165789859475,1.057428,0.0,0.5297600669046215,0.0018947368421052633,0.0019972279958958184,3.303586567736089e-05,0.005,0.0,0.002,0,0.38287715975719233,-1.4937673611111102,0.0,0.004,2.6000000000000002e-05,2.3899430576194294,4.330827067669174,2.2572524019819147,0.002015999999999999,0.0,4.46429680795443,-0.9782631578947371,0.003058071378175571,4.171501848407175,0.983,0.972,-0.979,0,0.52565055818748,-0.33656975079160034,-0.98,-0.976,9.563809,0.029420796907891768,1.0827067669172934,0.05322327740817978,345.47825699999987,0.0,0.0539374598586087,1.046421052631579,0.21312124441252825,4.970965438900364,1.402,0.61,0.976,0,-0.2679095396166686,-0.6378376378214554,0.9455,1.22,10.857147,1.6131798510339581,1.0827067669172934,1.4381902284997528,403.4923539999998,0.0,3.0473481286161586,-0.16694736842105262,0.15309868633085225,0.2236578577818784,0.366,0.0,-0.183,2,1.1790402445231358,0.8020029100326505,-0.27449999999999997,-0.0915,0.29395899999999997,2.8770668948670686,5.413533834586467,2.419929044400606,14.292360999999993,0.0,5.380112251810902,0.20547368421052625,0.045176109686720395,0.1929262437355134,0.305,0.122,0.183,0,0.06891336286242347,-0.3093051729415355,0.183,0.244,0.401868,1.6460372136325632,2.165413533834587,1.6118174044641131,15.609595000000004,0.0,3.1146039294383945,0.0,0.0,0.0,0.0,0.0,0.0,0,0.0,-3.0,0.0,0.0,0.0,nan,0.0,-inf,0.0,9.744360902255641,nan,0.1809473684210526,0.005762617133966735,0.14286360112174715,0.19,0.171,0.182,0,-0.37717508735268196,-0.9870606342077903,0.1775,0.1855,0.32782100000000003,0.32760419953326114,1.0827067669172934,0.44550512968545136,11.825838000000003,0.0,0.6062202602563154,-0.02557894736842106,0.0040693435326479375,0.00292413294391418,0.036,0.017,-0.026,0,0.01808291749327429,1.4320585651347244,-0.027,-0.024,0.006257,1.5259036204001506,1.0827067669172934,1.3916370749734963,0.23918499999999993,0.0,2.93754031479198,-1.046894736842105,0.005359641944463555,4.7774287198970224,1.055,1.038,-1.048,0,0.01969867238907728,-1.0999467345627592,-1.0510000000000002,-1.0425,10.954642,0.049766934581470156,1.0827067669172934,0.08472167537459567,395.657066,0.0,0.0959949431596964,0.7382105263157894,1.4540452312861658,11.591194164955647,3.354,0.0,0.976,2,-0.9920595710016008,1.6583436026105671,0.244,1.5545,3.3806200000000004,3.385150210117154,6.496240601503761,2.5351352706333636,578.3503559999992,0.0,6.473696962680768,0.2791578947368421,3.032981185204764,40.43708704492825,5.61,0.244,0.915,7,-0.6306898362618001,-0.6743098209382512,-1.2805,2.3475,-2.73768,4.979988117556304,9.744360902255641,2.651368743899216,1688.547379999996,3.2481203007518804,9.363876450792295,0.3658947368421053,0.6504978574936878,2.4280218782505583,1.829,0.0,0.427,3,0.25566044497994145,-0.23630573689584278,-0.061,0.7625,0.594445,3.3030924764254834,6.496240601503761,2.461618798165107,124.7084209999998,0.0,6.229003011318643,156.167,0.0,106305.40232589273,156.167,156.167,156.167,0,0.0,-3.0,156.167,156.167,243881.31889,8.24619473270585e-15,1.0827067669172934,5.985822181584665e-14,8804115.611929,0.0,1.4753960423349362e-14,-0.22389473684210529,0.0016825649855942944,0.21851894534317784,0.226,0.221,-0.224,0,0.2982365945031399,-1.2462708859111176,-0.225,-0.2225,0.501519,0.06359689867727394,1.0827067669172934,0.13066204681338656,18.097027000000004,0.0,0.11753755052545077,-0.34415789473684216,0.0009326339550878433,0.5162920795250138,0.346,0.343,-0.344,0,-0.46045230704845824,-0.6323785954806502,-0.345,-0.3435,1.184044,0.020917314417825537,1.0827067669172934,0.04837310903655224,42.75867800000001,0.0,0.03815730270321126,1.0060000000000002,0.000973328526784552,4.411366780708337,1.007,1.004,1.006,0,-0.6849348892197005,-0.5370370370362734,1.0055,1.007,10.118350999999999,0.010103592429076295,1.0827067669172934,0.020570565923616908,365.34516700000006,0.0,0.01871719908511279,0.2086842105263158,0.2983890171238985,0.5779250752608079,0.732,0.0,0.183,5,-0.02863894076711242,-0.7598690419588836,0.0305,0.39649999999999996,0.18977100000000002,3.460196870523392,6.496240601503761,2.526479045028882,31.792223999999976,0.0,6.506673655912466,0.5650526315789474,0.2609429204945647,1.6885314606586088,0.976,0.061,0.61,2,-0.5969404657664921,-0.10310570056726087,0.4575,0.7625,3.174013,2.275556499661438,3.2481203007518804,1.9371984793678017,127.55215899999993,0.0,4.407124088292631,0.26968421052631575,0.20597471807854145,0.5019496960906279,0.61,0.0,0.305,3,-0.41430497819274037,-0.46579585603504237,0.183,0.427,0.546987,2.6048834364644193,4.330827067669174,2.2881068144794794,33.913194000000004,0.0,4.877678742389047,2500.7489999999993,4.547473508864641e-13,27259444.91901944,2500.749,2500.749,2500.749,0,1.0,-2.0,2500.749,2500.749,62537455.61000999,8.354626742180778e-15,1.0827067669172934,6.036326927647446e-14,2257602147.521361,0.0,1.495542951398748e-14,-19.0,289.01010727181006,365658.6263285384,947.0,12.0,75.0,7,-2.0832836928251126,3.6464771151450366,-58.0,143.0,-55338.0,4.331558011959292,8.661654135338347,2.7667284333826174,15206915.999999993,2.165413533834587,8.173170368404747,1.0,0.0,4.358898943540673,1.0,1.0,1.0,0,0.0,-3.0,1.0,1.0,10.0,8.483914006617171e-15,1.0827067669172934,6.072432065971048e-14,361.0,0.0,1.520271838769654e-14,1.0,0.0,4.358898943540673,1.0,1.0,1.0,0,0.0,-3.0,1.0,1.0,10.0,8.483914006617171e-15,1.0827067669172934,6.072432065971048e-14,361.0,0.0,1.520271838769654e-14,0.0,0.0,0.0,0.0,0.0,0.0,0,0.0,-3.0,0.0,0.0,0.0,nan,0.0,-inf,0.0,9.744360902255641,nan,1.0,0.0,4.358898943540673,1.0,1.0,1.0,0,0.0,-3.0,1.0,1.0,10.0,8.483914006617171e-15,1.0827067669172934,6.072432065971048e-14,361.0,0.0,1.520271838769654e-14,1.0,0.0,4.358898943540673,1.0,1.0,1.0,0,0.0,-3.0,1.0,1.0,10.0,8.483914006617171e-15,1.0827067669172934,6.072432065971048e-14,361.0,0.0,1.520271838769654e-14,0.0,0.0,0.0,0.0,0.0,0.0,0,0.0,-3.0,0.0,0.0,0.0,nan,0.0,-inf,0.0,9.744360902255641,nan,1,1,3,11
2018-07-04T12:05:03.041038,-0.14895,0.0022688102609076874,0.09924228701138442,0.152,0.142,-0.1485,0,0.8629170450576429,2.23298889651824,-0.1505,-0.148,0.221873,0.1866352720468111,0.9844559585492227,0.26113574494729724,8.875531,0.0,0.34924254488510503,-0.9953,0.005657738063926248,4.430339819577748,1.007,0.985,-0.9944999999999999,0,0.07308499932232129,-0.674022615355399,-1.0,-0.992,9.906109,0.059093797406955584,0.9844559585492227,0.09749874066878346,396.25543799999997,0.0,0.11164155347723187,0.030250000000000006,0.0030145480589965717,0.004132924442812861,0.038,0.027,0.0295,0,1.5995335311118133,1.653755990683563,0.028,0.031,0.009113,0.528265016393903,0.9844559585492227,0.849664401593998,0.367843,0.0,0.9662035975745544,-0.24095,0.7301100242429218,2.6435580489862613,2.012,0.061,-0.305,8,-0.03151262329166327,0.5477904494909804,-0.671,0.2135,0.40906600000000015,3.664784810598363,6.891191709844559,2.651671394554957,130.819095,0.0,6.841604387849353,0.7318999999999999,0.23201851219245415,2.636369761258993,1.402,0.427,0.7015,0,1.5951208521491798,2.3432030982169785,0.61,0.793,5.0522029999999996,1.7851597728682131,1.9689119170984455,1.8843822594175157,225.06733000000006,0.0,3.314067464651159,0.20735,0.6014237503624212,1.809893769206925,1.402,0.061,0.122,6,0.12953007357631313,-0.4485058740069112,-0.305,0.5185,-0.21209699999999998,3.3337732858520472,6.891191709844559,2.7128755854606585,89.72637499999998,2.9533678756476682,6.215701306354179,2.323,0.0,24.133116945906917,2.323,2.323,2.323,0,0.0,-3.0,2.323,2.323,53.96329,0.0,0.9844559585492227,0.0,2158.5316000000003,0.0,0.0,-0.38484999999999997,0.002971110903349119,0.6624053986302119,0.389,0.379,-0.385,0,0.5976269585933651,-0.6739968147157671,-0.388,-0.384,1.481083,0.06388523484166317,0.9844559585492227,0.13767177820048543,59.24557499999999,0.0,0.11925541430284417,-0.8444,0.0027092434368288154,3.188716564857058,0.848,0.84,-0.845,0,0.19974004801966053,-1.3706316031747006,-0.847,-0.842,7.130158,0.024807190538493472,0.9844559585492227,0.047171674845507404,285.2060139999999,0.0,0.04586590765494602,-0.3332,0.0027313000567495355,0.4965399134428169,0.338,0.33,-0.332,0,-0.584820049670248,-0.9340180695613247,-0.335,-0.331,1.110243,0.06728875038288774,0.9844559585492227,0.129998521208569,44.410388,0.0,0.12380408712209762,-0.66175,0.5242794936863352,3.1876582338833077,2.134,0.0,-0.5489999999999999,0,-0.9964634733922012,0.7400561204362708,-0.976,-0.244,4.143669,3.273810526506515,5.9067357512953365,2.372434828762285,232.165107,0.0,6.23284620993662,-1.1829999999999998,0.43329389564128407,7.098319979407465,2.012,0.0,-1.1895,0,0.602120416902112,0.9660313140325703,-1.4325,-0.976,13.931732,2.1093799615515274,2.9533678756476682,2.011612213045947,598.2421200000001,0.0,4.016360502025395,0.054899999999999984,0.2686078740469087,0.3361445213487793,0.488,0.061,0.061,3,-0.18952455396169618,-0.6339635308045466,-0.122,0.183,-0.05581499999999999,3.7450656437143177,7.875647668393782,2.7175273008063807,15.754713999999998,1.9689119170984455,7.091779740844314,0.0,0.0,0.0,0.0,0.0,0.0,0,0.0,-3.0,0.0,0.0,0.0,nan,0.0,-inf,0.0,9.844559585492227,nan,-0.05625,0.0017571283390805578,0.014163925389876916,0.059,0.054,-0.0565,0,-0.1140524877109732,-1.2827943418184231,-0.0575,-0.0545,0.031625,0.24838088656527238,0.9844559585492227,0.4057592873847934,1.266247,0.0,0.4743803483867346,5e-05,0.0013219304066402287,7.826237921249265e-06,0.003,0.0,0.0,2,-0.6113442147773459,0.8006410138333733,0.0,0.0,0.0,3.9224012949253195,7.875647668393782,2.456436780494959,0.000355,0.9844559585492227,7.312998662245792,-0.9779,0.0029478805945967377,4.276690644571828,0.983,0.972,-0.978,0,0.24171370928509064,-0.27870348177408166,-0.9795,-0.976,9.562884,0.0353187408123721,0.9844559585492227,0.06525602188034801,382.51710999999995,0.0,0.06582389327537488,0.6495,0.5619676592118091,3.298906417079485,1.402,0.122,0.671,2,-0.39783330001362766,-1.0121148090794871,0.122,1.1895,1.7747950000000001,2.431968552894157,3.937823834196891,2.22061188662944,233.06291800000002,0.0,4.604185789343864,-0.012199999999999989,0.23355911457273507,0.24462002296173543,0.488,0.0,-0.0305,5,0.6289599022521232,-0.6305898687670877,-0.2135,0.122,-0.048373,4.0173236278188105,7.875647668393782,2.6757383222356728,11.036486,3.937823834196891,7.517998361086572,0.22569999999999996,0.06130424128883743,0.2446200229617355,0.366,0.122,0.244,0,0.3310222731787706,-0.3044799529457891,0.183,0.244,0.48373,1.6840676518848714,1.9689119170984455,1.7908852420034314,21.135279999999995,0.0,3.147561410220429,0.0,0.0,0.0,0.0,0.0,0.0,0,0.0,-3.0,0.0,0.0,0.0,nan,0.0,-inf,0.0,9.844559585492227,nan,0.18375000000000002,0.00707018387313937,0.1512210287891535,0.195,0.171,0.1845,0,-0.35380980466397616,-0.5568357580767995,0.1815,0.188,0.33752400000000005,0.3530413992415483,0.9844559585492227,0.5279629429119975,13.515626999999999,0.0,0.6643045748380814,-0.026550000000000008,0.004510820324508614,0.0032434166013634446,0.036,0.017,-0.0275,0,0.26681962286797023,0.4020159858833181,-0.029,-0.024,0.006936000000000001,1.543068098820234,0.9844559585492227,1.51514118047366,0.286035,0.0,2.924244920178165,-1.0459500000000002,0.004954543369474122,4.892677508057121,1.055,1.038,-1.0470000000000002,0,0.16500145693838733,-1.033839970623798,-1.05,-1.042,10.940197000000001,0.0549275480510664,0.9844559585492227,0.09261500629593535,437.6094749999998,0.0,0.10398944424166337,0.57325,1.5252692836020791,11.873798009346297,3.354,0.061,0.5185,5,-0.5354301702811775,0.5536506167220185,-0.0915,1.311,0.7001580000000001,3.461460849757987,6.891191709844559,2.663407237522074,596.743067,2.9533678756476682,6.535625210996673,0.8689,3.538938186801233,59.38580952645143,7.805,0.061,1.189,8,-0.1602842319771691,-0.7961296799911093,-1.9515,3.293,-2.752625,4.155109918438551,8.860103626943005,2.756116694354755,2809.09283,2.9533678756476682,7.913839585495514,0.33230000000000004,0.7492156632105338,3.004145700217485,1.829,0.0,0.366,4,-0.0739628255731314,-0.5613591726663985,-0.1525,0.854,0.364658,3.99711468901233,7.875647668393782,2.618216443890165,161.65705000000003,2.9533678756476682,7.479169952432874,156.1301,0.16084337101665075,109015.62135805999,156.167,155.429,156.167,0,-4.12948320967006,15.052631578947082,156.167,156.167,243766.067644,0.01580622402667343,0.9844559585492227,0.02866929672214429,9750648.696844,0.0,0.030147813326430763,-0.22499999999999995,0.0014142135623730963,0.22641082699376375,0.228,0.223,-0.225,0,-0.4242640687120462,-0.09999999999993392,-0.226,-0.224,0.5062460000000001,0.04746554358597641,0.9844559585492227,0.0993389681428572,20.250400000000003,0.0,0.08884532825166745,-0.34465,0.0018241436346954508,0.5312313900797372,0.348,0.342,-0.344,0,-0.3273151636308148,-1.0337583633868648,-0.346,-0.343,1.187834,0.04249543205656298,0.9844559585492227,0.09125726399744548,47.51411899999999,0.0,0.08150896752651095,1.0057500000000001,0.001639359631075472,4.523725397342465,1.009,1.003,1.006,0,0.26811376551462657,-0.6020551649541175,1.004,1.007,10.115314999999999,0.015575199216961653,0.9844559585492227,0.033429880211169806,404.6137669999999,0.0,0.029037360673967203,0.06100000000000001,0.44408670324611155,0.8986041659818854,1.22,0.0,0.061,7,-0.8669265781289905,1.3726593093627644,-0.122,0.366,-0.044652,3.9260147902382316,7.875647668393782,2.7427682660973445,41.11705,2.9533678756476682,7.231152299625445,0.4513999999999999,0.33321860692344296,1.407813193371621,0.976,0.061,0.488,4,-0.6482786200145999,0.4742972349402339,0.244,0.7015,1.938641,2.58224772932884,4.922279792746114,2.226679860855384,103.711712,0.0,4.8102802946382015,0.1708,0.22212712576360413,0.35112125744847744,0.549,0.0,0.183,4,-0.42323405744660414,-0.1963036519863781,0.0,0.3355,0.275354,3.275414552089833,5.9067357512953365,2.6007247702321936,21.805059999999997,0.0,6.052981638052269,2502.6319499999995,8.207588765739935,28010034.152348306,2538.408,2500.749,2500.749,0,4.12948320967022,15.052631578947963,2500.749,2500.749,62631631.31660099,0.049993981784692366,0.9844559585492227,0.07981139475793936,2505280852.8671303,0.0,0.0953554263020965,75.5,386.1623363302019,692383.2439705628,947.0,7.0,71.5,8,-0.4571564676432501,1.3025988171119307,-17.0,163.5,-739.0,4.09443079842667,7.875647668393782,2.855240817203089,32346578.0,1.9689119170984455,7.714419514989749,1.0,0.0,4.47213595499958,1.0,1.0,1.0,0,0.0,-3.0,1.0,1.0,10.0,0.0,0.9844559585492227,0.0,400.0,0.0,0.0,1.0,0.0,4.47213595499958,1.0,1.0,1.0,0,0.0,-3.0,1.0,1.0,10.0,0.0,0.9844559585492227,0.0,400.0,0.0,0.0,0.0,0.0,0.0,0.0,0.0,0.0,0,0.0,-3.0,0.0,0.0,0.0,nan,0.0,-inf,0.0,9.844559585492227,nan,1.0,0.0,4.47213595499958,1.0,1.0,1.0,0,0.0,-3.0,1.0,1.0,10.0,0.0,0.9844559585492227,0.0,400.0,0.0,0.0,1.0,0.0,4.47213595499958,1.0,1.0,1.0,0,0.0,-3.0,1.0,1.0,10.0,0.0,0.9844559585492227,0.0,400.0,0.0,0.0,0.0,0.0,0.0,0.0,0.0,0.0,0,0.0,-3.0,0.0,0.0,0.0,nan,0.0,-inf,0.0,9.844559585492227,nan,1,1,3,11
2018-07-04T12:05:03.541038,-0.14947368421052631,0.0022564159063395827,0.0974103794329083,0.153,0.145,-0.149,0,0.3504125113849506,-0.6473700537912572,-0.1515,-0.148,0.22316699999999998,0.149774194011396,1.0089120564990752,0.2231623542297054,8.066519,0.0,0.27806244390011614,-0.994578947368421,0.012893555262727948,4.312492040646134,1.02,0.966,-0.995,0,0.4117943103455967,-0.0541843471324146,-1.002,-0.989,9.886721,0.14691973516472573,1.0089120564990752,0.21396024518019752,357.1266159999999,0.0,0.2816967428258442,0.03505263157894736,0.01392639933141191,0.006201107286521282,0.065,0.002,0.033,1,0.039307095479974026,1.6962886562777797,0.0295,0.036500000000000005,0.012379999999999999,2.424697417332179,3.026736169497226,2.053498786457997,0.4785630000000002,0.0,4.6285963066295475,-0.773421052631579,3.863673889962485,67.67694521506341,14.207,0.061,0.061,5,-2.451127290328326,5.472386675910256,-0.6405000000000001,1.098,-0.866627,3.653600041386873,7.0623843954935275,2.7125665216840678,2910.4426799999997,2.0178241129981505,6.8111480230245025,0.44305263157894725,0.49392045744486884,1.9190185660063463,1.22,0.122,0.549,1,-2.032125498777165,4.424772889942897,0.427,0.7015,1.867942,2.902948381995413,6.053472338994452,2.5326590335029455,114.89703799999997,0.0,5.431475981167456,0.19252631578947374,0.7289514725326228,2.477757832859293,1.463,0.061,0.122,6,-0.13483568449395616,-0.8591934140968447,-0.3355,0.671,0.546987,3.1701187951196625,6.053472338994452,2.453822360959981,109.29329399999988,3.026736169497226,5.938645235625601,2.323,0.0,23.52205277709789,2.323,2.323,2.323,0,0.0,-3.0,2.323,2.323,53.96329,8.269484857229565e-15,1.0089120564990752,6.202070129721653e-14,1948.074769,0.0,1.4857664292358595e-14,-0.38726315789473675,0.001516301083251363,0.6537260984732464,0.39,0.385,-0.388,0,0.35981831308675294,-0.9305937001017064,-0.388,-0.386,1.500015,0.03939775630769359,1.0089120564990752,0.07453148193822864,54.14057900000002,0.0,0.07487164565410567,-0.8435263157894738,0.003282624448318461,3.1015633019054056,0.849,0.836,-0.845,0,0.9344783885424597,0.4659415414914201,-0.846,-0.842,7.117468,0.03890705069920345,1.0089120564990752,0.07535203107575554,256.86667399999993,0.0,0.07329760778554657,-0.33268421052631586,0.004878013309782534,0.4825413544209122,0.34,0.322,-0.332,0,0.5210411639088681,0.2976674829681434,-0.3355,-0.331,1.108179,0.10828073147534982,1.0089120564990752,0.22017996570535853,39.95933599999999,0.0,0.19991985180727684,-0.3948421052631579,1.199608544184218,6.952273588472842,2.5,0.0,-0.488,2,0.5944787546674413,0.0956557367476365,-1.0979999999999999,-0.061,1.022787,2.8395782637707447,5.044560282495376,2.5141112145606015,316.03045299999974,2.0178241129981505,5.2375443540804225,-0.9692631578947367,0.6675147813940163,6.037280134469912,2.317,0.0,-0.915,2,-0.30031618749483485,-0.7029055138292648,-1.341,-0.5795,8.59112,1.9169442489671529,3.026736169497226,2.0859214897098872,419.57552099999987,0.0,3.54402302710723,-0.16052631578947368,0.2848878576084674,0.4660961463698687,0.732,0.061,-0.183,3,0.02066970245840229,-0.7329645304451913,-0.39649999999999996,0.061,0.21953899999999998,2.8889713546533766,6.053472338994452,2.39145371725527,23.952076999999978,0.0,5.434921979279534,0.0,0.0,0.0,0.0,0.0,0.0,0,0.0,-3.0,0.0,0.0,0.0,nan,0.0,-inf,0.0,9.080208508491678,nan,-0.05747368421052631,0.001728047911513894,0.01441143757028095,0.06,0.054,-0.057,0,0.4451617395837434,-0.5543265374964323,-0.059,-0.0565,0.032943,0.24130115427251697,1.0089120564990752,0.40678287843160404,1.193003,0.0,0.4481422452618642,0.0024210526315789475,0.003484035613354814,7.84601809837321e-05,0.009,0.0,0.002,1,0.35500616336409746,-0.7540299607476832,0.0,0.005,2.7999999999999996e-05,2.766266010068835,5.044560282495376,2.455999898230266,0.004307000000000001,0.0,5.253932680334397,-0.9773157894736841,0.0031962582001450503,4.163430085226673,0.982,0.971,-0.978,0,0.5584810586085938,-0.6332036010559321,-0.979,-0.975,9.553076999999998,0.03522180657996368,1.0089120564990752,0.06694314811311303,344.809605,0.0,0.06700166740102803,-0.03531578947368421,0.34354131792131437,0.5198764709510073,0.671,0.0,-0.061,4,0.12768817551737408,-0.2726445796228143,-0.2135,0.122,0.007442000000000032,3.6369946466604035,7.0623843954935275,2.6890723116845026,21.752965999999986,2.0178241129981505,6.619672531615409,0.03852631578947368,0.4518295403335262,0.8963387430189782,1.037,0.0,0.061,5,-0.8034832879359557,0.18202145482491838,-0.061,0.366,0.17116599999999998,3.241576279247882,6.053472338994452,2.6035058497314942,37.38488699999996,2.0178241129981505,5.972325620824468,0.2632631578947368,0.059546392444761884,0.317560011812438,0.366,0.122,0.305,0,-0.6648642789665477,-0.22819767441860606,0.244,0.305,0.7144320000000001,1.2488412027596083,2.0178241129981505,1.4980554190011097,25.66001599999999,0.0,2.354992456002932,0.0,0.0,0.0,0.0,0.0,0.0,0,0.0,-3.0,0.0,0.0,0.0,nan,0.0,-inf,0.0,9.080208508491678,nan,0.18957894736842104,0.004870056624264829,0.15676298277402906,0.198,0.181,0.19,0,-0.07443852349317337,-1.1385446556032943,0.1855,0.1945,0.359234,0.2750129526728513,1.0089120564990752,0.402236445103931,12.978684999999999,0.0,0.5214099101811746,-0.025789473684210525,0.005473178114255018,0.0030296641814946375,0.034,0.016,-0.028,0,0.7699119194978601,-0.6213428851878757,-0.0295,-0.024,0.0066879999999999995,1.5879762448335049,2.0178241129981505,1.6431284639934076,0.24550699999999998,0.0,2.9914767846552652,-1.0447894736842105,0.006211864262661321,4.758277094433505,1.054,1.036,-1.045,0,-0.036278945029765676,-1.3875135806197514,-1.05,-1.039,10.915754,0.04860657949616311,1.0089120564990752,0.08302547317295053,394.069166,0.0,0.09460332105558036,0.23431578947368412,1.3230842377857157,7.869799333346233,2.805,0.061,0.427,7,-0.7129054979841886,0.2567077907238806,-0.366,1.0979999999999999,1.5596489999999998,4.8534259638152335,9.080208508491678,2.776718935542534,335.79492199999953,4.035648225996301,9.24363443722831,1.139315789473684,3.069287351755359,46.72114303126644,7.805,0.061,0.793,6,0.0794431250691726,-0.2311936239179575,-0.183,2.7744999999999997,22.046071,4.073055024894213,8.071296451992602,2.5870812400482133,2168.9973439999976,2.0178241129981505,7.547630366181983,0.5584210526315789,1.0880623683647566,6.519665256776058,3.598,0.0,0.305,4,0.9916944957816552,0.9958172389440669,-0.2135,1.1284999999999998,1.189195,3.3502045550280632,6.053472338994452,2.550986643691577,326.2623889999997,0.0,6.281496257355979,155.7397368421053,0.36437124534207255,105725.08689285239,156.167,155.429,155.429,0,0.3198010745332309,-1.8977272727273515,155.429,156.167,242499.393226,0.013677460935486593,1.0089120564990752,0.03859405558871141,8756030.457361002,0.0,0.025457530973405997,-0.22536842105263158,0.0015630781478860535,0.22140315994939858,0.228,0.223,-0.225,0,-0.5339377735490375,-0.6568636524904652,-0.226,-0.2245,0.50759,0.05633143845930688,1.0089120564990752,0.11794751987174018,18.335965,0.0,0.10524395679709952,-0.3455789473684211,0.002085432921700927,0.5205796301753205,0.348,0.342,-0.346,0,0.3377675420767578,-1.2762002515314785,-0.3475,-0.344,1.195065,0.04957260326409955,1.0089120564990752,0.10636703919168668,43.11314100000001,0.0,0.09184571373865354,1.005,0.001863782232592182,4.402612046888102,1.009,1.003,1.004,0,1.0243100699784202,-0.14738292011011156,1.004,1.006,10.09822,0.019657838296831535,1.0089120564990752,0.03796799001263909,364.6196519999999,0.0,0.03641893197857193,-0.038473684210526285,0.5982794073904594,1.5666688052311064,1.402,0.061,-0.061,5,-0.5671731126430785,-0.0996437319100969,-0.3355,0.427,-0.09595299999999984,4.227386130177818,8.071296451992602,2.679174072047412,65.14221499999994,1.0089120564990752,7.811361767966343,0.372421052631579,0.3387067223532964,1.1046307937776743,0.976,0.0,0.366,2,-0.19276924762639602,-0.19104758029947444,0.1525,0.5795,1.101416,2.900209826535974,6.053472338994452,2.2534763563148403,70.77714099999997,0.0,5.406576579973165,0.14447368421052634,0.30158447684836215,0.48743754501317776,0.61,0.0,0.122,3,-0.01971063621594173,-0.8563036172673391,-0.061,0.427,0.141398,3.1133176801664155,6.053472338994452,2.591525574735349,23.95207699999998,0.0,5.71689961373337,2522.5515789473684,18.593301799914844,27738342.405547854,2538.408,2500.749,2538.408,0,-0.319801074533435,-1.8977272727272647,2500.749,2538.408,63670400.48966399,0.0426867929933577,1.0089120564990752,0.10478079312775908,2297201595.9227643,0.0,0.0794519070395819,170.73684210526315,263.9000692258267,430634.4387225605,796.0,7.0,73.0,2,1.303446751548406,0.8656454275558323,47.0,163.5,194329.0,2.641746493011062,5.044560282495376,2.5070183222165747,23094141.999999996,0.0,4.893653096430381,1.0,0.0,4.358898943540673,1.0,1.0,1.0,0,0.0,-3.0,1.0,1.0,10.0,7.905670666443051e-15,1.0089120564990752,6.072432065971048e-14,361.0,0.0,1.4166537368726807e-14,1.0,0.0,4.358898943540673,1.0,1.0,1.0,0,0.0,-3.0,1.0,1.0,10.0,7.905670666443051e-15,1.0089120564990752,6.072432065971048e-14,361.0,0.0,1.4166537368726807e-14,0.0,0.0,0.0,0.0,0.0,0.0,0,0.0,-3.0,0.0,0.0,0.0,nan,0.0,-inf,0.0,9.080208508491678,nan,1.0,0.0,4.358898943540673,1.0,1.0,1.0,0,0.0,-3.0,1.0,1.0,10.0,7.905670666443051e-15,1.0089120564990752,6.072432065971048e-14,361.0,0.0,1.4166537368726807e-14,1.0,0.0,4.358898943540673,1.0,1.0,1.0,0,0.0,-3.0,1.0,1.0,10.0,7.905670666443051e-15,1.0089120564990752,6.072432065971048e-14,361.0,0.0,1.4166537368726807e-14,0.0,0.0,0.0,0.0,0.0,0.0,0,0.0,-3.0,0.0,0.0,0.0,nan,0.0,-inf,0.0,9.080208508491678,nan,1,1,3,11
2018-07-04T12:05:04.041038,-0.1503,0.004050925820105822,0.101099341466698,0.157,0.142,-0.151,0,0.1909871034481744,-0.7850276339726872,-0.153,-0.147,0.225907,0.33300984613356893,1.0182207931404073,0.4145946760099862,9.039480000000001,0.0,0.6376700003918591,-0.9949,0.013870472234210353,4.427496882751156,1.02,0.966,-0.993,0,0.07385386341971495,-0.3310191197001302,-1.006,-0.989,9.897818000000001,0.1540003078556676,1.0182207931404073,0.23805364213069297,395.969604,0.0,0.2909031627013398,0.028000000000000004,0.022111083193728887,0.005692581857118965,0.065,0.002,0.031,2,-0.3020506202898192,-0.6941732980659081,0.0155,0.0415,0.007598000000000001,2.4942167371788235,4.072883172561629,2.3035447721816733,0.41147799999999995,0.0,4.669237147479159,-0.06695000000000015,4.294352494556077,82.49277676533308,14.207,0.427,0.915,4,-1.8866050273394739,3.7442354106768585,-1.463,2.317,2.380464,3.769815469956011,8.145766345123258,2.5776887812597593,3694.733790999999,3.0546623794212215,7.172435525046688,0.31405,0.9046990369730699,4.101430543383765,2.317,0.061,0.39649999999999996,4,0.041187599573932275,-0.12346760082698438,-0.305,0.8235,0.50935,3.254912249689368,6.109324758842443,2.5935952997590954,203.81635500000002,3.0546623794212215,5.946251505957803,0.43600000000000005,0.6736277904006039,2.8794759661999607,1.463,0.0,0.5185,6,-0.4604089854627707,-0.24196365527481944,0.061,0.915,1.047797,3.4402543094142572,7.12754555198285,2.57377219308856,167.01773000000003,0.0,6.453583424202203,2.323,0.0,24.133116945906917,2.323,2.323,2.323,0,0.0,-3.0,2.323,2.323,53.96329,0.0,1.0182207931404073,0.0,2158.5316000000003,0.0,0.0,-0.3862,0.002063976744055031,0.6670400967271757,0.39,0.382,-0.3865,0,0.5077030673731546,-0.1430271771474132,-0.3875,-0.385,1.4914880000000001,0.053014728386383166,1.0182207931404073,0.09719238276499456,59.66103599999999,0.0,0.1005299966628494,-0.8425499999999999,0.0033981612675092424,3.174778482332909,0.849,0.836,-0.842,0,0.1164556289193649,-0.5413114060868902,-0.846,-0.8405,7.098901999999999,0.04514981112881118,1.0182207931404073,0.08040709005419777,283.9585149999999,0.0,0.08499097102728903,-0.3375,0.006982120021884467,0.509622252751977,0.346,0.322,-0.34,0,0.86418539568698,-0.06680867850097894,-0.3425,-0.332,1.138737,0.14584761750306022,1.0182207931404073,0.2705459921192904,45.572282,0.0,0.27259271607151236,-0.8445500000000001,1.4998261724279918,13.249790613757305,3.902,0.0,-0.8845000000000001,2,0.2879273488672471,-0.09266749912021677,-1.8595000000000002,-0.0915,1.4929150000000004,2.429054883300593,4.072883172561629,2.3415409872714323,737.476435,0.0,4.424070101475485,-0.6829999999999999,0.7368606381127981,4.514409267327808,2.317,0.0,-0.4575,4,-0.9260006183252174,-0.34150504632093837,-0.976,-0.1525,2.960757,2.2654600965196487,3.0546623794212215,2.2129730482729975,296.64695199999994,0.0,4.201559899243846,-0.30805,0.2953779739587907,0.8145680356446906,0.793,0.061,-0.39649999999999996,3,0.3555366266666116,-0.5783786194430172,-0.488,-0.061,0.941413,3.3561742921804107,6.109324758842443,2.5166805125171208,55.82616299999999,0.0,6.40370939145134,0.0,0.0,0.0,0.0,0.0,0.0,0,0.0,-3.0,0.0,0.0,0.0,nan,0.0,-inf,0.0,10.182207931404072,nan,-0.05675,0.002070627924084865,0.014421967634480393,0.06,0.054,-0.057,0,-0.03168008451709972,-1.4322433679844293,-0.058499999999999996,-0.055,0.032178,0.2527812569000513,1.0182207931404073,0.433133904949303,1.2890869999999996,0.0,0.4767136978607329,0.0072,0.0027313000567495325,0.00026519766213147503,0.01,0.002,0.009,0,-0.7550244750022426,-0.9620496086365895,0.005,0.009,0.000472,1.4766126609679873,2.0364415862808145,1.7270341505035165,0.022236000000000002,0.0,2.7751407220153697,-0.97735,0.003811495769379788,4.271907471561159,0.983,0.971,-0.9775,0,0.12906909478351572,-1.250813639451701,-0.981,-0.974,9.552053999999998,0.036292512965184084,1.0182207931404073,0.07415150774758576,382.08811899999995,0.0,0.06865908831011727,0.13115000000000002,0.4565942701129746,1.0092656049407656,1.037,0.0,0.0,2,0.4610063755747428,-0.3321854767271728,-0.122,0.305,-0.137677,2.7836477461145854,5.091103965702036,2.5031299345337037,48.592539,1.0182207931404073,5.213956630748073,0.0671,0.5190021098223012,1.224764196597533,1.037,0.0,0.122,3,-0.6873039987595361,-0.3035224943949433,-0.0305,0.366,-0.12279300000000001,3.654419083736993,7.12754555198285,2.7091172646018067,56.14988999999999,1.0182207931404073,6.814417958957206,0.2683999999999999,0.059141694260479216,0.3378086031376348,0.366,0.122,0.305,0,-0.869027262805277,-0.013128112268000258,0.244,0.305,0.70699,1.4450118261675238,2.0364415862808145,1.6141896326784013,29.522414,0.0,2.6637630343956102,0.0,0.0,0.0,0.0,0.0,0.0,0,0.0,-3.0,0.0,0.0,0.0,nan,0.0,-inf,0.0,10.182207931404072,nan,0.19474999999999998,0.007347618661852288,0.16985865538161427,0.21,0.185,0.1945,0,0.4070193306146327,-0.8876171405862854,0.189,0.2,0.37919,0.39642644550598044,1.0182207931404073,0.5462021507553844,15.181935,0.0,0.7519158578805722,-0.020800000000000006,0.0078587530817554,0.002211024016151792,0.033,0.006,-0.02,0,0.20837463014852928,-0.8396894883084105,-0.027999999999999997,-0.016,0.004519,2.15379930389174,3.0546623794212215,1.9038835502176013,0.18548000000000003,0.0,4.055954090022936,-1.0427,0.008911228871485705,4.86256549863812,1.054,1.028,-1.041,0,0.03886718301427612,-1.3264363212884736,-1.053,-1.036,10.872484,0.09302782917127889,1.0182207931404073,0.15098308739976785,434.90522999999996,0.0,0.1749414322026872,0.10979999999999998,1.4909450895321397,9.995104453394061,2.805,0.061,0.1525,6,-0.3090800836693891,-0.6263250358887738,-0.7015,1.22,0.39100999999999997,4.23761167502401,8.145766345123258,2.7155281869810994,449.59313999999995,3.0546623794212215,7.808710621683295,0.8170999999999999,2.3032265607186804,26.709854351914764,5.488,0.061,0.8540000000000001,6,0.0768658493626322,-0.08541392033703943,-0.732,1.951,3.8028630000000003,4.529894805520603,9.163987138263664,2.763944012035487,1335.6520899999998,0.0,8.44202839413578,1.3445999999999998,1.3520882145777324,16.261096427245544,4.024,0.0,0.915,3,0.7383679014715805,-0.657461033314426,0.366,2.195,4.598424,2.969690682315675,5.091103965702036,2.286147405067818,1090.8322440000002,0.0,5.52048115530153,155.42900000000003,2.842170943040401e-14,108038.63873589362,155.429,155.429,155.429,0,-1.0,-2.0,155.429,155.429,241581.74041000003,0.0,1.0182207931404073,0.0,9663269.6164,0.0,0.0,-0.2257,0.0016462077633154343,0.2278249163827346,0.229,0.223,-0.2255,0,-0.6200093508163578,-0.4063942484443377,-0.226,-0.2245,0.509409,0.08285145557793325,1.0182207931404073,0.1406291883039448,20.376740000000005,0.0,0.15629991781378005,-0.34534999999999993,0.0036231892028984513,0.5334352586783612,0.355,0.338,-0.345,0,-0.17709514290924785,1.3079459141934073,-0.348,-0.344,1.1926919999999999,0.12083468758234908,1.0182207931404073,0.18760566166167225,47.709359,0.0,0.22463432286756319,1.0044999999999997,0.0021330729007701613,4.512496087566258,1.008,1.0,1.004,0,-0.26273811843767414,0.13066054824280382,1.004,1.006,10.090186999999998,0.02562055331199652,1.0182207931404073,0.04861726798324138,403.60901199999995,0.0,0.048740009513071066,-0.125,0.9605021603307303,4.195710548339481,2.439,0.061,-0.244,4,-0.40809790503443666,-0.15190955509215076,-0.671,0.671,-1.116728,3.9132574456424494,8.145766345123258,2.6016013941107206,194.52764800000006,2.0364415862808145,7.389027244945754,0.3843,0.3494080851955203,1.2064592969201242,1.159,0.0,0.39649999999999996,2,0.09973622587092337,0.34518787388082695,0.1525,0.5795,1.6707290000000001,3.4895732273462707,7.12754555198285,2.306385624998691,83.52156599999999,0.0,6.566765054729883,0.14334999999999998,0.33813758664188753,0.603229648460062,0.61,0.0,0.0915,5,-0.13125559632208106,-1.1025322052027455,-0.061,0.488,0.11535100000000001,3.5698275111351596,7.12754555198285,2.5500599763088516,31.624779,2.0364415862808145,6.750816001745755,2538.4080000000004,4.547473508864641e-13,28816275.888305847,2538.408,2538.408,2538.408,0,-1.0,-2.0,2538.408,2538.408,64435151.74463999,5.317463531494097e-16,1.0182207931404073,6.0352659023184534e-15,2577406069.7855997,0.0,9.848915529965712e-16,47.6,79.37972033208482,38312.3415128859,250.0,0.0,62.5,3,-2.4335749569589695,7.1546632081601835,27.0,86.5,21911.0,4.665609597128479,9.163987138263664,2.6755658904052155,2277924.0000000005,0.0,8.699699404009175,1.0,0.0,4.47213595499958,1.0,1.0,1.0,0,0.0,-3.0,1.0,1.0,10.0,0.0,1.0182207931404073,0.0,400.0,0.0,0.0,1.0,0.0,4.47213595499958,1.0,1.0,1.0,0,0.0,-3.0,1.0,1.0,10.0,0.0,1.0182207931404073,0.0,400.0,0.0,0.0,0.0,0.0,0.0,0.0,0.0,0.0,0,0.0,-3.0,0.0,0.0,0.0,nan,0.0,-inf,0.0,10.182207931404072,nan,1.0,0.0,4.47213595499958,1.0,1.0,1.0,0,0.0,-3.0,1.0,1.0,10.0,0.0,1.0182207931404073,0.0,400.0,0.0,0.0,1.0,0.0,4.47213595499958,1.0,1.0,1.0,0,0.0,-3.0,1.0,1.0,10.0,0.0,1.0182207931404073,0.0,400.0,0.0,0.0,0.0,0.0,0.0,0.0,0.0,0.0,0,0.0,-3.0,0.0,0.0,0.0,nan,0.0,-inf,0.0,10.182207931404072,nan,1,1,3,11
2018-07-04T12:05:04.541038,-0.15510526315789475,0.0059726987362419244,0.10502032874112868,0.165,0.142,-0.155,0,0.3058275415081672,-0.24097032707173272,-0.1585,-0.1525,0.24043199999999998,0.3115190517695466,1.00463247195401,0.45850280303598046,8.691247999999998,0.0,0.598749433605071,-0.9957894736842107,0.007897894105515665,4.322541596868333,1.02,0.987,-0.993,0,-1.5551609891795988,2.1852885220022618,-0.998,-0.9904999999999999,9.909009,0.0814247169174513,1.00463247195401,0.13613719754725176,357.9776590000001,0.0,0.15085686643217053,0.02868421052631579,0.020316062174335563,0.0053855343526114366,0.056,0.002,0.027,1,-0.6852093926295865,-0.4709104712400345,0.0245,0.044,0.006922,2.042720622248211,3.0138974158620306,2.0670012604757644,0.3715249999999999,0.0,3.816563793167941,1.563,2.1785804890727407,31.33691759530589,5.244,0.427,2.073,5,-0.14126903374165453,-1.0658711050469865,0.0,3.2015000000000002,23.966962999999996,3.4456440850289023,7.032427303678071,2.4514354117316737,1738.6032459999979,0.0,6.314800055860686,0.677157894736842,0.9505164946744478,5.936926810002913,2.317,0.061,0.915,3,-0.4226827226184235,-0.3905109832337037,0.0915,1.4020000000000001,2.0348990000000002,3.001555264101725,6.027794831724061,2.42801957565734,328.61238599999973,0.0,5.603465764609909,0.6226842105263157,0.6185815737919317,3.358003291562985,1.463,0.0,0.732,5,-0.2401708142045006,-1.2805854150034346,0.0915,1.1285,3.1617520000000003,2.5212611855820004,5.023162359770051,2.4051287311495377,209.0396519999999,0.0,4.755594729955547,2.323,0.0,23.52205277709789,2.323,2.323,2.323,0,0.0,-3.0,2.323,2.323,53.96329,8.234407508948633e-15,1.00463247195401,6.202070129721653e-14,1948.074769,0.0,1.4794641326113177e-14,-0.3852631578947368,0.0015842017835044657,0.6469922878526776,0.387,0.382,-0.386,0,0.9132962769410862,-0.3451091326404816,-0.386,-0.385,1.483408,0.03882237642369861,1.00463247195401,0.08102109215834699,53.582852999999986,0.0,0.07279273169554591,-0.8396842105263157,0.003372530388126486,3.073376596594866,0.847,0.832,-0.84,0,0.286311999465036,0.13141105563737643,-0.8414999999999999,-0.8374999999999999,7.056790999999999,0.039811408323245534,1.00463247195401,0.07816884099641797,254.5321690000001,0.0,0.07521005758137692,-0.34415789473684216,0.006376462952012906,0.5164655178198199,0.357,0.333,-0.342,0,-0.6266749531256628,-0.26638786031899997,-0.346,-0.3405,1.185095,0.15141357210604672,1.00463247195401,0.26729838595697375,42.76585999999998,0.0,0.28571602247301153,-1.588578947368421,1.3096228591625136,18.476043616322603,3.902,0.0,-1.707,2,0.32097271266860916,0.210547675983646,-2.4085,-0.8845000000000001,19.105507000000003,2.5120656106214936,4.01852988781604,2.329482312089132,1220.5912109999995,0.0,4.599678353900848,-0.5520526315789474,0.807378048388356,4.169816101594693,2.744,0.0,-0.366,3,-1.0863527685699037,1.1402059517659477,-0.6405000000000001,-0.1525,2.254255,2.593880114833925,5.023162359770051,2.4655533780796346,227.67972699999976,0.0,4.74154615636738,-0.09310526315789475,0.5754280690093925,1.4810930658456452,0.976,0.0,-0.305,3,0.5235614873950653,-0.9749034919645285,-0.488,0.27449999999999997,-0.26419099999999995,3.4372815870796054,7.032427303678071,2.576016275588706,62.89606299999988,3.0138974158620306,6.482825272751224,0.0,0.0,0.0,0.0,0.0,0.0,0,0.0,-3.0,0.0,0.0,0.0,nan,0.0,-inf,0.0,9.041692247586091,nan,-0.05589473684210527,0.0020234087143938,0.013636012389798448,0.059,0.052,-0.055,0,0.008975497390912676,-1.3414215897209616,-0.058,-0.054,0.031374,0.2804521487565414,1.00463247195401,0.44085458706497227,1.128583,0.0,0.5170672777523251,0.01105263157894737,0.002258869866723678,0.0005547272444990184,0.016,0.009,0.01,0,0.8661969074639663,-0.5105712881126974,0.009,0.012,0.001181,1.1040106011633357,1.00463247195401,1.3744869481044149,0.04502099999999998,0.0,2.078439805262831,-0.9774210526315791,0.003453690466636407,4.16433444204959,0.983,0.973,-0.977,0,-0.3095764730625742,-1.3308166550136689,-0.98,-0.974,9.555060999999998,0.04160826046934477,1.00463247195401,0.07737012844922132,344.8841939999999,0.0,0.07795566380762775,0.19905263157894737,0.4695278113711365,1.1336550959325744,1.037,0.0,0.122,7,-0.06117361208244603,0.022167871050742693,-0.0305,0.488,0.003720999999999919,3.138264543678419,6.027794831724061,2.5556778924878816,54.09589799999998,1.00463247195401,5.91624055654724,0.14126315789473684,0.48358669196190596,1.106338105669139,0.915,0.0,0.305,3,-0.6323232392481916,-0.40542351753646955,-0.0305,0.427,0.279075,3.831393431902775,8.03705977563208,2.724122544088205,49.41487999999994,2.00926494390802,7.105451890827756,0.28573684210526307,0.04448635758387432,0.36451108882771777,0.366,0.183,0.305,0,-0.24808019379241145,-0.12434895833333526,0.244,0.305,0.7962939999999998,1.1052776851429187,1.00463247195401,1.241280158210861,29.831256999999983,0.0,2.0925640331334647,0.0,0.0,0.0,0.0,0.0,0.0,0,0.0,-3.0,0.0,0.0,0.0,nan,0.0,-inf,0.0,9.041692247586091,nan,0.21284210526315792,0.019751783817896537,0.1991663516967927,0.251,0.185,0.206,0,0.51810635628375,-0.9376764394184374,0.2,0.22999999999999998,0.44891000000000003,0.5986703167105449,1.00463247195401,0.8547789919831115,16.424354999999995,0.0,1.1288211618615247,-0.015210526315789473,0.012275688199674315,0.0016653288121664077,0.033,0.006,-0.02,2,1.0148305826454638,0.35967879811851233,-0.023,-0.0075,0.0022919999999999998,2.8174369264455064,5.023162359770051,2.4417154700651476,0.11072099999999994,0.0,5.272388716449415,-1.0394210526315788,0.009365759527317899,4.709719877865399,1.054,1.02,-1.039,0,-0.015078403538745152,-0.6651074553099896,-1.045,-1.033,10.797422999999998,0.10231031517578484,1.00463247195401,0.15218185870565465,390.03883400000007,0.0,0.19509390702855253,0.0963684210526316,2.514227331565752,27.594558753935384,6.159,0.061,0.122,9,0.04382099471594859,0.5382247408812164,-1.2195,1.3415,-0.5264320000000016,5.908284992950292,9.041692247586091,2.622016349141046,1144.354263999997,9.041692247586091,11.41922755250889,2.949263157894737,4.304440654928414,118.67696285241327,13.11,0.305,1.463,6,0.699203235049647,-0.4865165270565468,-0.3355,6.4935,73.08691999999999,3.3750275888467134,7.032427303678071,2.612429415531135,6484.375083999997,0.0,6.3853480830884175,0.7542105263157894,1.8377726100377558,17.201268708261427,4.024,0.061,0.854,6,-0.1654584793362209,-0.2079403536904305,-0.0915,1.7375,3.094652,3.0600769100715866,6.027794831724061,2.607858639084735,814.9710739999994,0.0,5.670135795132156,155.429,0.0,105303.03930518666,155.429,155.429,155.429,0,0.0,-3.0,155.429,155.429,241581.74041000003,7.64075469991496e-15,1.00463247195401,5.999671057560295e-14,8721100.828801002,0.0,1.366440566865526e-14,-0.22610526315789475,0.0021495345112275957,0.22286270284828305,0.231,0.223,-0.226,0,-0.7856371930430744,-0.14090454255302376,-0.2265,-0.225,0.511221,0.1154858877690859,1.00463247195401,0.16499903476335484,18.456450000000004,0.0,0.2199773761911562,-0.3492105263157894,0.005699297716371178,0.5317005578746961,0.357,0.338,-0.349,0,0.4918342115993878,-0.82871769989206,-0.354,-0.345,1.217755,0.13289630837575483,1.00463247195401,0.23801498112283015,44.029087999999994,0.0,0.25142781636368716,1.0029473684210526,0.0032031840115164033,4.384676095398368,1.008,0.996,1.004,0,-0.3750743953979812,-0.6370528154723893,1.0,1.005,10.056093,0.03420374626601649,1.00463247195401,0.06567260945890692,363.132988,0.0,0.06503986113747895,-0.2600526315789474,0.9234275096892931,4.011694060013214,2.439,0.183,-0.427,4,-0.07760034039665287,0.08824740315452484,-0.7625,0.305,-0.371978,3.1048941462340376,6.027794831724061,2.4587298753559343,178.3291459999998,1.00463247195401,5.7169670791260545,0.6195789473684211,0.48596429539513697,2.7026889479641527,1.829,0.0,0.549,2,0.3656992967527878,0.6296499212280566,0.366,0.8540000000000001,3.4630919999999996,2.8388564247860404,5.023162359770051,2.3470966792373043,181.207098,0.0,5.290123771120164,0.22473684210526312,0.3739677501019887,0.8297535792518542,0.976,0.0,0.183,6,0.3520218786366337,-0.25152051198435776,-0.0305,0.488,0.476288,2.791323293373765,5.023162359770051,2.4376729880947705,43.476163999999976,0.0,5.060049058098774,2538.4080000000004,4.547473508864641e-13,28086631.486659434,2538.408,2538.408,2538.408,0,-1.0,-2.0,2538.408,2538.408,64435151.74463999,7.78043431535052e-15,1.00463247195401,6.00644079037192e-14,2326108977.9815035,0.0,1.3942263592033541e-14,34.05263157894737,88.54940558759782,39232.614064938636,186.0,0.0,53.0,5,-1.1060989276328455,1.3205264928118545,5.0,82.5,8988.0,3.8084924375284315,8.03705977563208,2.670260322390489,1833908.9999999967,0.0,7.276262650343592,1.0,0.0,4.358898943540673,1.0,1.0,1.0,0,0.0,-3.0,1.0,1.0,10.0,7.872136538483588e-15,1.00463247195401,6.072432065971048e-14,361.0,0.0,1.4106446011913546e-14,1.0,0.0,4.358898943540673,1.0,1.0,1.0,0,0.0,-3.0,1.0,1.0,10.0,7.872136538483588e-15,1.00463247195401,6.072432065971048e-14,361.0,0.0,1.4106446011913546e-14,0.0,0.0,0.0,0.0,0.0,0.0,0,0.0,-3.0,0.0,0.0,0.0,nan,0.0,-inf,0.0,9.041692247586091,nan,1.0,0.0,4.358898943540673,1.0,1.0,1.0,0,0.0,-3.0,1.0,1.0,10.0,7.872136538483588e-15,1.00463247195401,6.072432065971048e-14,361.0,0.0,1.4106446011913546e-14,1.0,0.0,4.358898943540673,1.0,1.0,1.0,0,0.0,-3.0,1.0,1.0,10.0,7.872136538483588e-15,1.00463247195401,6.072432065971048e-14,361.0,0.0,1.4106446011913546e-14,0.0,0.0,0.0,0.0,0.0,0.0,0,0.0,-3.0,0.0,0.0,0.0,nan,0.0,-inf,0.0,9.041692247586091,nan,1,1,3,11
