TimeStamps,AnkleAccelerometer,,,AnkleAngularVelocity,,,AnkleLuminosity,RightPocketAccelerometer,,,RightPocketAngularVelocity,,,RightPocketLuminosity,BeltAccelerometer,,,BeltAngularVelocity,,,BeltLuminosity,NeckAccelerometer,,,NeckAngularVelocity,,,NeckLuminosity,WristAccelerometer,,,WristAngularVelocity,,,WristLuminosity,BrainSensor,Infrared1,Infrared2,Infrared3,Infrared4,Infrared5,Infrared6,Subject,Activity,Trial
,x-axis (g),y-axis (g),z-axis (g),x-axis (deg/s),y-axis (deg/s),z-axis (deg/s),illuminance (lx),x-axis (g),y-axis (g),z-axis (g),x-axis (deg/s),y-axis (deg/s),z-axis (deg/s),illuminance (lx),x-axis (g),y-axis (g),z-axis (g),x-axis (deg/s),y-axis (deg/s),z-axis (deg/s),illuminance (lx),x-axis (g),y-axis (g),z-axis (g),x-axis (deg/s),y-axis (deg/s),z-axis (deg/s),illuminance (lx),x-axis (g),y-axis (g),z-axis (g),x-axis (deg/s),y-axis (deg/s),z-axis (deg/s),illuminance (lx),,,,,,,
2018-07-09T13:42:48.276167,0.972,-0.061,0.022,0.427,0.793,4.878,133.557,-0.947,0.056,-0.448,-3.659,2.378,-6.585,5.214,0.491,0.772,-0.37,14.207,3.415,-4.512,5.385,-0.689,0.248,-0.788,8.598,-2.134,-13.354,188.368,0.979,0.245,0.155,87.683,34.451,-33.659,309.976,18,1,1,1,1,1,1,10,5,2,7
2018-07-09T13:42:48.324300,0.969,-0.088,0.031,-1.341,2.134,3.841,133.557,-0.947,0.056,-0.448,-8.963,4.024,-4.817,5.214,0.491,0.772,-0.37,14.207,3.415,-4.512,5.385,-0.682,0.223,-0.807,-2.317,1.829,-4.085,188.368,0.979,0.245,0.155,87.683,34.451,-33.659,309.976,115,1,1,1,1,1,1,10,5,2,7
2018-07-09T13:42:48.368418,0.969,-0.088,0.031,-2.439,0.854,1.951,133.557,-0.907,0.006,-0.368,-6.524,1.159,-1.402,5.214,0.419,0.787,-0.315,4.451,9.451,-4.085,5.385,-0.682,0.223,-0.807,-6.646,3.049,1.463,188.368,0.979,0.245,0.155,76.341,33.354,-47.622,309.976,38,1,1,1,1,1,1,10,5,2,7
2018-07-09T13:42:48.426580,0.965,-0.086,0.025,-2.744,0.854,1.037,133.557,-0.907,0.006,-0.368,-1.22,0.732,0.061,5.214,0.419,0.787,-0.315,-7.805,12.012,-3.049,5.385,-0.659,0.218,-0.758,-1.646,-4.451,-0.122,188.368,0.824,0.259,0.207,7.195,2.317,-38.476,309.976,74,1,1,1,1,1,1,10,5,2,7
2018-07-09T13:42:48.474709,0.965,-0.086,0.025,-2.012,2.744,1.341,133.557,-0.907,0.042,-0.376,1.463,3.293,-1.707,5.214,0.431,0.744,-0.298,4.512,-3.171,-0.732,5.385,-0.689,0.242,-0.778,0.427,-3.659,-0.366,188.368,0.888,0.159,0.283,-17.866,-15.305,-20.366,309.976,52,1,1,1,1,1,1,10,5,2,7
2018-07-09T13:42:48.524848,0.967,-0.089,0.037,-0.427,-0.244,2.988,133.557,-0.918,0.012,-0.419,-0.61,3.659,-2.012,5.214,0.452,0.767,-0.344,-2.195,-0.732,1.098,5.385,-0.689,0.242,-0.778,0.915,-6.22,2.073,188.368,0.888,0.159,0.283,-25.122,-24.634,-2.988,309.976,53,1,1,1,1,1,1,10,5,2,7
2018-07-09T13:42:48.577990,0.977,-0.095,0.017,-3.049,-2.805,4.146,133.557,-0.918,0.012,-0.419,-1.22,0.915,-2.805,5.214,0.452,0.767,-0.344,-3.78,3.598,-0.305,5.385,-0.69,0.238,-0.763,2.134,-2.622,1.341,188.368,0.979,0.146,0.317,-41.159,-19.146,20.305,309.976,70,1,1,1,1,1,1,10,5,2,7
2018-07-09T13:42:48.624118,0.977,-0.095,0.017,-4.573,-2.988,4.939,133.557,-0.899,-0.007,-0.414,0,1.89,-1.768,5.214,0.416,0.771,-0.341,2.439,1.89,-0.915,5.385,-0.69,0.238,-0.763,2.012,2.561,-0.061,188.368,0.963,0.146,0.244,-33.171,-9.024,24.146,309.976,171,1,1,1,1,1,1,10,5,2,7
2018-07-09T13:42:48.670241,0.971,-0.105,0.025,-2.5,-2.805,4.024,133.557,-0.902,-0.009,-0.44,3.354,4.573,-0.793,5.214,0.421,0.767,-0.348,3.537,-5.793,0.915,5.385,-0.681,0.233,-0.787,0.427,3.72,-1.037,188.368,0.963,0.146,0.244,-3.049,0.183,22.988,309.976,28,1,1,1,1,1,1,10,5,2,7
2018-07-09T13:42:48.726397,0.944,-0.103,0.021,-3.293,-7.073,6.768,133.557,-0.902,-0.009,-0.44,4.268,2.5,-1.585,5.214,0.421,0.767,-0.348,-0.488,-2.866,0.122,5.385,-0.668,0.236,-0.768,0.061,-1.585,2.378,188.368,0.921,0.218,0.215,20.915,6.829,19.939,309.976,163,1,1,1,1,1,1,10,5,2,7
2018-07-09T13:42:48.782548,0.944,-0.103,0.021,-1.524,-6.463,6.159,133.557,-0.825,-0.062,-0.476,6.159,3.963,-4.146,5.214,0.37,0.707,-0.409,-2.378,0.122,-1.829,5.385,-0.668,0.236,-0.768,0.854,1.098,3.78,188.368,0.916,0.254,0.27,13.11,-0.732,9.939,309.976,234,1,1,1,1,1,1,10,5,2,7
2018-07-09T13:42:48.837700,0.936,-0.112,0.009,-1.28,-5.671,5.488,133.557,-0.773,-0.099,-0.508,10.671,15.183,-12.927,5.214,0.355,0.71,-0.47,23.598,-11.098,-2.866,5.385,-0.639,0.226,-0.747,4.085,21.646,4.024,188.368,0.916,0.254,0.27,-15.061,-9.573,4.756,309.976,128,1,1,1,1,1,1,10,5,2,7
2018-07-09T13:42:48.951009,0.986,-0.127,-0.011,0.61,1.463,2.988,133.557,-0.752,-0.169,-0.549,23.049,35.732,-25.671,5.214,0.312,0.658,-0.521,27.195,-21.463,-1.159,5.385,-0.533,0.213,-0.742,9.695,57.073,8.232,188.368,0.859,0.22,0.36,55.244,15.549,-17.012,309.976,-28,1,1,1,1,1,1,10,5,2,7
2018-07-09T13:42:49.016687,0.966,-0.139,0.005,2.073,-2.378,3.963,133.557,-0.689,-0.158,-0.565,29.268,43.354,-30.732,0,0.293,0.577,-0.507,31.341,-33.598,-4.085,5.385,-0.533,0.213,-0.742,4.512,76.585,8.049,188.368,0.859,0.22,0.36,31.768,24.39,-19.146,309.976,-177,1,1,1,1,1,1,10,5,2,7
2018-07-09T13:42:49.063315,0.973,-0.115,0.024,3.78,-4.634,4.451,133.557,-0.689,-0.158,-0.565,29.268,47.866,-36.28,0,0.293,0.577,-0.507,23.78,-15.244,-12.744,5.385,-0.365,0.187,-0.748,6.89,70.183,14.878,188.368,0.685,0.25,0.353,-7.988,23.171,-21.28,309.976,-99,1,1,1,1,1,1,10,5,2,7
2018-07-09T13:42:49.180132,1.041,0.004,0.056,10.671,22.866,-10.854,133.557,-0.517,-0.174,-0.51,43.293,47.561,-38.598,0,0.196,0.445,-0.467,53.11,-45.122,-15.854,5.385,-0.203,0.138,-0.742,18.049,72.012,-27.134,188.368,0.384,-0.063,0.478,-128.902,73.841,-39.756,309.976,42,1,1,1,1,1,1,10,5,2,7
2018-07-09T13:42:49.241301,0.889,-0.228,0.018,-24.939,47.805,-70.183,133.557,-0.266,0.146,0,60.061,82.378,-23.293,0,0.384,0.229,0.151,21.402,-79.817,-16.159,5.385,0.063,0.134,-0.423,-24.939,-19.878,8.72,188.368,0.384,-0.063,0.478,-124.573,103.659,-39.024,309.976,51,1,1,1,1,1,1,10,5,2,7
2018-07-09T13:42:49.293441,0.966,-0.213,0.046,20.854,33.232,-49.817,133.557,-0.266,0.146,0,-17.561,3.963,-18.72,0,0.384,0.229,0.151,-102.5,-11.646,0.915,5.385,-0.063,0.145,-0.422,-24.329,-88.537,23.963,188.368,0.515,-0.139,0.678,-67.195,98.537,-10.305,309.976,116,1,1,1,1,1,1,10,5,2,7
2018-07-09T13:42:49.343075,0.966,-0.213,0.046,26.341,0.732,-28.598,133.557,-0.282,-0.291,-0.366,23.598,371.098,-154.817,0,-0.113,0.189,-0.419,-181.951,156.463,4.329,5.385,-0.063,0.145,-0.422,17.5,-8.232,36.037,188.368,1.187,0.066,0.908,-50.549,72.439,71.524,309.976,-25,1,1,1,1,1,1,10,5,2,7
2018-07-09T13:42:49.394212,0.958,0.211,0.217,14.512,-11.951,-23.293,133.557,-0.373,-0.675,-1.229,52.195,194.817,-123.171,0,0.419,1.249,-0.941,224.085,-83.841,-22.439,5.385,-0.411,0.13,-0.884,35.488,23.232,-27.683,188.368,1.187,0.066,0.908,-55.061,99.451,100.915,309.976,130,1,1,1,1,1,1,10,5,2,7
2018-07-09T13:42:49.436325,0.958,0.211,0.217,-8.78,-35.854,-7.561,133.557,-0.373,-0.675,-1.229,61.89,-0.61,-8.659,0,0.419,1.249,-0.941,96.646,-6.463,-19.39,5.385,-0.37,0.26,-1.206,5,26.402,55.305,188.368,1.236,0.258,0.649,-40.976,103.415,94.695,309.976,43,1,1,1,1,1,1,10,5,2,7
2018-07-09T13:42:49.492977,0.94,0.107,0.143,-37.256,-70.549,19.451,133.557,-0.208,-0.606,-0.728,57.134,-92.805,-5.488,0,0.188,0.674,-0.704,43.354,37.317,20.366,5.385,-0.37,0.26,-1.206,-31.646,-3.049,32.256,188.368,1.236,0.258,0.649,-73.049,109.939,70.732,309.976,115,1,1,1,1,1,1,10,5,2,7
2018-07-09T13:42:49.549629,0.92,0.006,-0.027,-27.622,-108.598,24.024,133.557,-0.43,-0.396,-0.303,45,-63.659,-2.683,0,0.295,0.626,-0.362,-16.098,43.963,12.683,5.385,-0.117,0.396,-1.229,-7.073,7.256,-6.951,188.368,1.063,0.28,0.579,-47.5,97.317,43.78,309.976,69,1,1,1,1,1,1,10,5,2,7
2018-07-09T13:42:49.607785,0.92,0.006,-0.027,-33.963,-129.39,33.72,133.557,-0.43,-0.396,-0.303,15.305,-72.134,19.695,0,0.295,0.626,-0.362,-22.988,124.329,15.61,5.385,-0.001,0.333,-1.228,2.012,-68.476,-27.805,188.368,1.161,0.22,0.718,7.927,127.439,-29.817,309.976,41,1,1,1,1,1,1,10,5,2,5
2018-07-09T13:42:49.655913,0.885,-0.061,-0.516,-67.256,-83.598,32.5,133.557,-0.684,-0.353,-0.405,3.537,-90.366,53.232,0,0.515,0.863,-0.056,-50.061,96.341,29.451,5.385,-0.001,0.333,-1.228,-16.829,-91.22,-78.476,188.368,1.161,0.22,0.718,35.976,152.5,-106.463,309.976,60,1,1,1,1,1,1,10,5,2,5
2018-07-09T13:42:49.702538,0.685,-0.2,-0.712,-59.085,-104.756,67.134,133.557,-1.482,-0.969,-1.365,-9.756,-171.707,165.549,0,0.515,0.863,-0.056,-152.744,108.659,65.061,5.385,0.054,0.497,-1.394,-61.037,-203.293,-3.537,188.368,1.004,-0.059,1.09,-9.634,177.256,-94.024,309.976,121,1,1,1,1,1,1,10,5,2,5
2018-07-09T13:42:49.770721,1.214,-0.181,-0.3,-17.073,-107.866,28.72,133.557,-1.482,-0.969,-1.365,-50.244,-117.5,152.073,0,1.441,1.551,-1.07,-148.963,141.098,64.939,5.385,-1.996,0.945,-2.456,11.22,191.89,93.72,188.368,0.488,-0.21,0.765,166.768,190.793,-112.073,309.976,194,1,1,1,1,1,1,10,5,2,5
2018-07-09T13:42:49.821858,1.214,-0.181,-0.3,-95.244,10.854,9.268,133.557,-2.291,-0.827,-1.319,-98.171,-122.805,76.341,0,1.758,2.021,-0.515,-84.207,102.5,88.049,5.385,-1.996,0.945,-2.456,66.22,237.073,-25.976,188.368,0.488,-0.21,0.765,389.695,195.183,-171.585,309.976,132,1,1,1,1,1,1,10,5,2,5
2018-07-09T13:42:49.869486,0.702,-0.288,-0.602,-80.793,29.939,26.341,133.557,-0.979,0.021,0.078,-50.671,-92.317,108.354,0,0.306,0.665,0.473,-142.317,5.854,6.463,5.385,-1.174,0.815,-1.668,-70,-315.61,80.549,188.368,-0.631,0.634,0.86,196.707,46.89,13.78,309.976,76,1,1,1,1,1,1,10,5,2,5
2018-07-09T13:42:49.916612,0.702,-0.288,-0.602,94.268,42.256,42.805,133.557,-0.979,0.021,0.078,-29.024,-69.329,78.354,0,0.306,0.665,0.473,-165.854,-25.244,16.951,5.385,-0.1,0.178,-0.143,-100.732,-305.244,-34.756,188.368,-0.694,0.664,0.531,276.463,6.951,19.817,309.976,39,1,1,1,1,1,1,10,5,2,5
2018-07-09T13:42:49.962736,0.787,-0.013,-0.503,79.39,30.915,48.049,133.557,-0.194,0.118,0.301,-39.878,-106.829,60.915,0,0.001,-0.042,0.241,-155.732,88.232,5.122,5.385,-0.1,0.178,-0.143,-237.683,-241.585,-151.951,188.368,-0.694,0.664,0.531,131.342,98.232,-17.622,309.976,87,1,1,1,1,1,1,10,5,2,5
2018-07-09T13:42:50.031420,0.879,-0.246,-0.365,64.878,21.768,47.073,133.557,-0.283,0.076,0.073,-0.244,-140.427,73.293,0,0.222,0.156,0.091,-79.817,60.671,46.585,5.385,0.843,-0.136,-0.082,-248.476,81.402,29.695,93.944,-0.811,0.294,0.454,33.232,14.512,-81.585,354.533,76,1,1,0,1,0,0,10,5,2,5
2018-07-09T13:42:50.089074,0.879,-0.246,-0.365,47.378,14.817,52.073,133.557,-0.283,0.076,0.073,-41.341,-157.744,89.878,0,0.222,0.156,0.091,-123.598,134.085,51.159,5.385,-0.41,-0.276,0.09,0,66.463,-95.488,93.944,-1.031,0.376,0.73,42.561,6.768,-131.646,354.533,33,1,1,0,1,0,0,10,5,2,5
2018-07-09T13:42:50.137203,0.888,-0.365,-0.302,-2.866,11.22,39.939,133.557,-0.701,-0.032,0.199,34.939,-137.866,83.293,0,0.327,0.454,0.505,-89.573,125.244,50.366,5.385,-0.41,-0.276,0.09,-82.866,-121.768,-213.659,93.944,-1.031,0.376,0.73,-52.073,-35.244,-165.915,354.533,32,1,1,0,1,0,0,10,5,2,5
2018-07-09T13:42:50.181321,0.763,-0.413,-0.445,-7.256,50.976,26.098,133.557,-1.232,0.761,0.632,46.768,-180.854,230,0,0.327,0.454,0.505,-63.476,-74.817,48.659,5.385,-0.888,0.094,-0.175,-3.11,5.427,-9.329,93.944,-1.103,0.632,0.707,-104.939,-3.963,-196.524,354.533,-11,1,1,0,1,0,0,10,5,2,5
2018-07-09T13:42:50.237471,0.763,-0.413,-0.445,-19.024,25.61,-2.744,133.557,-1.232,0.761,0.632,-46.22,-104.085,174.329,0,1.42,0.404,1.181,-155.915,141.707,107.683,5.385,-1.683,0.271,-0.079,24.817,-55.305,-27.378,93.944,-1.254,0.642,0.885,-138.659,-46.951,-133.293,354.533,58,1,1,0,1,0,0,10,5,2,5
2018-07-09T13:42:50.275573,0.736,-0.545,-0.319,-14.268,-32.866,-24.634,133.557,-0.958,1.43,0.885,-74.695,-95.366,419.939,0,0.881,0.112,1.186,-160.976,173.903,90.122,5.385,-1.683,0.271,-0.079,-37.317,-154.756,-194.817,93.944,-1.254,0.642,0.885,-99.146,-62.988,-132.744,354.533,-21,1,1,0,1,0,0,10,5,2,5
2018-07-09T13:42:50.341751,0.62,-0.215,-0.162,22.439,25.122,4.939,133.557,0.018,1.021,0.981,-121.22,-72.866,346.646,0,0.881,0.112,1.186,-218.72,211.585,46.646,5.385,-1.388,-0.503,0.604,-31.829,-172.317,-107.317,93.944,-0.538,0.179,0.692,-27.744,-137.317,-115.427,354.533,154,1,1,0,1,0,0,10,5,2,5
2018-07-09T13:42:50.392887,0.62,-0.215,-0.162,3.78,0.305,28.598,133.557,0.018,1.021,0.981,-97.744,-18.72,213.598,0,-0.341,-0.697,0.708,-367.683,350.244,9.146,5.385,-1.013,-0.734,0.792,-27.317,-155.488,-130.305,93.944,-0.152,-0.676,0.428,-202.134,-92.927,-49.512,354.533,293,1,1,0,1,0,0,10,5,2,5
2018-07-09T13:42:50.450542,0.92,-0.48,-0.668,-39.329,-18.354,-9.39,133.557,0.285,0.311,0.725,-154.451,-32.012,44.024,0,-0.741,-0.729,0.321,-164.573,327.012,-11.463,5.385,-1.013,-0.734,0.792,41.646,-129.573,-133.354,93.944,-0.152,-0.676,0.428,-68.11,-57.561,-36.098,354.533,53,1,1,0,1,0,0,10,5,2,5
2018-07-09T13:42:50.548304,0.901,-0.378,-0.244,13.659,9.695,7.927,133.557,-0.096,-0.076,0.197,-115.244,-179.146,-309.146,0,-0.137,-0.277,0.439,34.756,-300.305,-42.439,5.385,-0.335,-0.306,0.956,203.11,-74.146,-24.085,93.944,-0.698,-0.229,0.95,46.22,-50.915,-9.085,354.533,235,1,1,0,1,0,0,10,5,2,5
2018-07-09T13:42:50.594954,0.727,-0.43,-0.409,-9.878,6.159,7.195,133.557,0.746,0.322,0.791,25.549,17.927,-239.268,0,0.08,-0.843,0.931,44.695,-11.585,-35.671,5.385,-0.335,-0.306,0.956,86.585,-65.976,13.537,93.944,-0.698,-0.229,0.95,19.512,-63.902,-30.488,354.533,292,1,1,0,1,0,0,10,5,2,5
2018-07-09T13:42:50.640576,0.727,-0.43,-0.409,6.768,-1.402,3.537,133.557,0.746,0.322,0.791,89.939,-427.378,-115.183,0,0.08,-0.843,0.931,-40.793,-23.841,-18.902,5.385,-0.49,-0.268,1.096,-42.195,-118.354,28.72,93.944,-0.091,-0.441,1.064,47.317,-23.11,-14.817,354.533,477,1,1,0,1,0,0,10,5,2,5
2018-07-09T13:42:50.698788,0.733,-0.536,-0.328,-10.976,-5.976,-2.805,133.557,0.638,1.255,1.055,-67.012,72.439,-352.012,0,0.343,-0.937,0.864,-13.293,-53.293,-47.256,5.385,-0.37,-0.137,0.99,-42.195,-20.061,156.098,93.944,-0.091,-0.441,1.064,167.012,15.61,17.622,354.533,-233,1,1,0,1,0,0,10,5,2,5
2018-07-09T13:42:50.754437,0.793,-0.445,-0.357,-21.768,-10.61,-9.146,133.557,-0.271,0.744,0.823,-92.378,32.134,-297.805,0,0.205,-0.463,0.932,60.61,29.817,4.512,5.385,-0.37,-0.137,0.99,-29.024,24.329,96.707,93.944,-0.338,0.31,0.975,58.963,44.451,26.768,354.533,-71,1,1,0,1,0,0,10,5,2,11
2018-07-09T13:42:50.807225,0.793,-0.445,-0.357,-6.037,-7.744,-8.049,133.557,-0.238,0.352,0.699,24.512,-2.134,28.659,0,0.205,-0.463,0.932,35.61,35.976,2.439,5.385,-0.506,-0.094,0.619,-40.793,70.61,36.098,93.944,-0.741,0.378,0.9,-14.207,24.817,8.171,354.533,295,1,1,0,1,0,0,10,5,2,11
2018-07-09T13:42:50.854852,0.799,-0.445,-0.353,5.549,3.537,-5.976,133.557,-0.238,0.352,0.699,42.073,-1.951,-11.524,0,0.041,-0.297,0.879,6.159,14.024,-1.524,5.385,-0.506,-0.094,0.619,-15.793,40.671,15.793,93.944,-0.741,0.378,0.9,-7.317,-11.037,3.659,354.533,198,1,1,0,1,0,0,10,5,2,11
2018-07-09T13:42:50.901978,0.846,-0.362,-0.297,4.146,2.134,-2.378,133.557,-0.13,0.624,0.909,14.695,6.341,-9.878,0,0.041,-0.297,0.879,-7.5,-1.22,-7.378,5.385,-0.585,-0.119,0.6,2.683,-72.012,26.829,93.944,-0.439,0.124,0.937,-4.878,-43.049,-8.72,354.533,261,1,1,0,1,0,0,10,5,2,11
2018-07-09T13:42:50.947601,0.846,-0.362,-0.297,-6.098,-1.037,-0.549,133.557,-0.13,0.624,0.909,-11.768,7.439,7.073,0,0.212,-0.486,0.93,-3.476,-6.829,8.841,5.385,-0.587,-0.115,0.969,29.268,-36.585,12.927,93.944,-0.439,0.124,0.937,18.902,-23.476,-3.476,354.533,-58,1,1,0,1,0,0,10,5,2,11
2018-07-09T13:42:51.027314,0.837,-0.386,-0.33,2.683,2.378,8.354,340.735,-0.231,0.729,0.878,-2.012,4.207,4.024,16.947,0.207,-0.553,0.974,6.341,-0.061,0.122,24.712,-0.554,-0.097,0.849,9.39,19.207,-2.012,93.944,-0.394,0.24,1.064,2.744,12.317,9.939,354.533,-77,1,1,0,1,0,0,10,5,2,11
2018-07-09T13:42:51.100009,0.774,-0.462,-0.372,3.659,1.098,2.622,340.735,-0.153,0.677,0.888,-1.463,0.427,2.439,16.947,0.124,-0.523,0.96,6.463,1.28,2.805,24.712,-0.49,-0.145,0.727,-6.22,9.634,-12.683,93.944,-0.509,0.169,0.972,-7.988,10.305,2.012,354.533,-92,1,1,0,1,0,0,10,5,2,11
2018-07-09T13:42:51.155157,0.785,-0.448,-0.35,6.829,4.939,3.963,340.735,-0.088,0.57,0.78,0.366,-2.866,0.61,16.947,0.032,-0.493,0.837,-2.622,7.866,2.683,24.712,-0.49,-0.145,0.727,0.183,-11.524,-12.317,93.944,-0.543,0.088,0.883,-12.988,2.378,-2.5,354.533,-777,1,1,0,1,0,0,10,5,2,11
2018-07-09T13:42:51.200779,0.785,-0.448,-0.35,5.671,4.695,3.659,340.735,-0.073,0.629,0.763,1.159,-1.098,-1.768,16.947,0.032,-0.493,0.837,-2.317,-0.061,-1.89,24.712,-0.46,-0.195,0.833,9.512,-12.622,-10.732,93.944,-0.521,0.017,0.896,-0.671,-8.72,-2.439,354.533,443,1,1,0,1,0,0,10,5,2,11
2018-07-09T13:42:51.250914,0.78,-0.464,-0.322,2.805,3.232,1.402,340.735,-0.073,0.629,0.763,-1.402,3.537,-5.61,16.947,0.08,-0.568,0.83,-0.854,-5.854,-3.78,24.712,-0.46,-0.195,0.833,14.329,-12.805,-5.793,93.944,-0.521,0.017,0.896,18.78,-19.451,-1.951,354.533,1178,1,1,0,1,0,0,10,5,2,11
2018-07-09T13:42:51.309570,0.785,-0.454,-0.331,-5.732,-1.768,-0.61,340.735,-0.146,0.725,0.827,-4.146,10.976,-7.622,16.947,0.192,-0.57,0.944,9.634,-4.207,1.159,24.712,-0.498,-0.146,0.869,-8.049,19.939,4.451,93.944,-0.396,0.135,1.046,14.695,-19.878,0.427,354.533,1066,1,1,0,1,0,0,10,5,2,11
2018-07-09T13:42:51.368228,0.785,-0.454,-0.331,-9.939,-4.024,-1.463,340.735,-0.2,0.647,0.849,-1.22,14.451,-2.073,16.947,0.192,-0.57,0.944,6.768,-0.61,0.488,24.712,-0.513,-0.116,0.809,-3.598,-3.049,8.598,93.944,-0.479,0.231,0.999,14.085,17.378,5.915,354.533,514,1,1,0,1,0,0,10,5,2,11
2018-07-09T13:42:51.418863,0.795,-0.437,-0.354,-6.951,-2.439,-1.646,340.735,-0.2,0.647,0.849,2.195,6.098,-0.366,16.947,0.145,-0.494,0.956,0.793,2.744,0.732,24.712,-0.504,-0.125,0.798,-0.671,-4.756,5.183,93.944,-0.479,0.231,0.999,-0.305,7.683,2.866,354.533,230,1,1,0,1,0,0,10,5,2,11
2018-07-09T13:42:51.462480,0.791,-0.438,-0.357,-4.573,-1.402,-1.037,340.735,-0.17,0.613,0.825,2.561,-1.707,1.341,16.947,0.11,-0.495,0.885,-3.049,-0.061,1.341,24.712,-0.504,-0.125,0.798,2.317,-5.854,2.073,93.944,-0.497,0.159,0.915,-12.256,5.183,1.463,354.533,-841,1,1,0,1,0,0,10,5,2,11
2018-07-09T13:42:51.508603,0.791,-0.438,-0.357,-3.049,-0.549,0.366,340.735,-0.17,0.613,0.825,1.037,-1.646,0.976,16.947,0.11,-0.495,0.885,-1.707,1.22,1.28,24.712,-0.504,-0.143,0.826,2.195,-4.268,0.488,93.944,-0.497,0.159,0.915,-6.585,4.207,0.732,354.533,-1691,1,1,0,1,0,0,10,5,2,11
2018-07-09T13:42:51.556231,0.786,-0.44,-0.36,-1.768,0.122,1.402,340.735,-0.153,0.635,0.807,-1.037,3.293,-0.671,16.947,0.115,-0.523,0.89,1.829,-0.61,1.22,24.712,-0.504,-0.143,0.826,1.402,3.11,-2.073,93.944,-0.493,0.13,0.94,0.671,0.183,1.707,354.533,-776,1,1,0,1,0,0,10,5,2,11
2018-07-09T13:42:51.602357,0.786,-0.44,-0.36,-0.488,0.976,1.768,340.735,-0.177,0.66,0.829,-0.122,4.634,-1.402,16.947,0.115,-0.523,0.89,2.378,-1.402,0.305,24.712,-0.501,-0.134,0.833,2.439,4.268,-2.012,93.944,-0.487,0.158,0.976,5.305,-0.183,1.28,354.533,-1203,1,1,0,1,0,0,10,5,2,11
2018-07-09T13:42:51.660513,0.785,-0.446,-0.354,0.122,1.037,0.854,340.735,-0.177,0.66,0.829,0.305,3.963,-1.524,16.947,0.14,-0.534,0.933,2.073,-0.976,-0.427,24.712,-0.481,-0.128,0.816,1.707,-0.732,-1.341,93.944,-0.487,0.158,0.976,6.159,1.585,0.61,354.533,-566,1,1,0,1,0,0,10,5,2,11
2018-07-09T13:42:51.702630,0.784,-0.446,-0.356,-0.488,0.549,0.549,340.735,-0.181,0.66,0.819,0.427,1.768,-0.488,16.947,0.14,-0.534,0.933,0.427,0.427,0,24.712,-0.481,-0.128,0.816,2.073,-0.488,-1.341,93.944,-0.484,0.17,0.959,1.951,3.171,0.244,354.533,384,1,1,0,1,0,0,10,5,2,11
2018-07-09T13:42:51.744743,0.784,-0.446,-0.356,-0.305,0.549,0.183,340.735,-0.181,0.66,0.819,0.976,-0.061,0.244,16.947,0.131,-0.527,0.907,-1.402,0.671,0.427,24.712,-0.478,-0.137,0.829,0.915,-4.756,-1.768,93.944,-0.484,0.17,0.959,-2.195,2.012,0.122,354.533,946,1,1,0,1,0,0,10,5,2,11
2018-07-09T13:42:51.788866,0.783,-0.446,-0.357,-0.488,0.732,-0.061,340.735,-0.161,0.644,0.795,0.366,0.366,-0.427,16.947,0.111,-0.527,0.878,-0.915,0.976,0.488,24.712,-0.478,-0.137,0.829,-0.122,-3.72,-0.366,93.944,-0.491,0.126,0.937,-4.512,1.829,0.366,354.533,586,1,1,0,1,0,0,10,5,2,11
2018-07-09T13:42:51.837998,0.783,-0.446,-0.357,-0.854,0.549,0.183,340.735,-0.167,0.648,0.803,-0.122,1.829,-1.037,16.947,0.111,-0.527,0.878,-0.305,0.427,0.305,24.712,-0.486,-0.141,0.835,0.488,-1.22,1.037,93.944,-0.491,0.149,0.952,3.537,0.305,0.732,354.533,1304,1,1,0,1,0,0,10,5,2,11
2018-07-09T13:42:51.947295,0.782,-0.448,-0.357,-1.341,0.366,0.122,340.735,-0.192,0.654,0.823,-0.061,0.366,0.427,16.947,0.137,-0.517,0.92,1.524,-0.061,0.427,24.712,-0.482,-0.13,0.827,1.28,-2.012,3.659,93.944,-0.489,0.176,0.961,1.098,0.854,0.793,354.533,21,1,1,0,1,0,0,10,5,2,11
2018-07-09T13:42:52.023503,0.773,-0.457,-0.359,-2.805,0.488,1.402,340.735,-0.191,0.645,0.819,-0.305,-2.134,0.671,16.947,0.122,-0.517,0.904,0.549,1.28,0.915,24.712,-0.488,-0.127,0.827,-0.366,1.22,-1.28,250.739,-0.494,0.171,0.949,1.159,1.159,0.061,351.84,-277,1,1,0,1,1,1,10,5,2,11
2018-07-09T13:42:52.079154,0.773,-0.457,-0.359,-5.305,-0.183,2.5,340.735,-0.173,0.644,0.803,-0.854,-2.317,0.427,16.947,0.122,-0.517,0.904,0.549,0.366,0.671,24.712,-0.482,-0.14,0.834,-0.915,4.756,-2.317,250.739,-0.49,0.137,0.941,-1.22,-0.732,0.427,351.84,81,1,1,0,1,1,1,10,5,2,11
2018-07-09T13:42:52.118763,0.784,-0.443,-0.363,-4.268,0.244,2.622,340.735,-0.173,0.644,0.803,-1.524,-1.768,-0.366,16.947,0.115,-0.527,0.89,0.976,0.366,-0.183,24.712,-0.482,-0.14,0.834,0.427,0.183,-0.732,250.739,-0.49,0.137,0.941,3.476,-0.427,0.488,351.84,-642,1,1,0,1,1,1,10,5,2,11
2018-07-09T13:42:52.164389,0.784,-0.443,-0.363,-2.5,0.854,2.134,340.735,-0.173,0.655,0.806,-1.585,-0.732,-0.915,16.947,0.115,-0.527,0.89,2.012,0.793,-0.427,24.712,-0.474,-0.141,0.826,0.854,0.793,-0.305,250.739,-0.488,0.158,0.956,3.902,-0.427,0.793,351.84,-27,1,1,0,1,1,1,10,5,2,11
2018-07-09T13:42:52.213021,0.795,-0.432,-0.358,-1.585,0.61,1.646,340.735,-0.173,0.655,0.806,-1.585,-0.427,-0.61,16.947,0.125,-0.53,0.907,1.951,0.915,-0.061,24.712,-0.478,-0.132,0.834,2.378,-0.244,1.707,250.739,-0.488,0.158,0.956,2.073,-0.732,1.159,351.84,580,1,1,0,1,1,1,10,5,2,11
2018-07-09T13:42:52.262152,0.795,-0.432,-0.358,-0.244,0.915,0.61,340.735,-0.183,0.654,0.817,-1.159,-0.61,-0.366,16.947,0.125,-0.524,0.914,1.28,2.012,0.244,24.712,-0.478,-0.132,0.834,0.915,-3.537,2.073,250.739,-0.489,0.172,0.957,1.89,-0.244,0.793,351.84,787,1,1,0,1,1,1,10,5,2,11
2018-07-09T13:42:52.331344,0.782,-0.445,-0.363,-0.122,0.549,-0.061,340.735,-0.18,0.646,0.813,-1.22,-1.22,-0.183,16.947,0.125,-0.524,0.914,0.793,1.037,0.549,24.712,-0.485,-0.133,0.837,0.549,1.402,1.524,250.739,-0.489,0.167,0.949,0.854,0,0.732,351.84,1772,1,1,0,1,1,1,10,5,2,11
2018-07-09T13:42:52.376468,0.775,-0.454,-0.36,0.61,1.402,0.244,340.735,-0.18,0.646,0.813,-1.159,-0.732,-0.427,16.947,0.118,-0.519,0.908,1.22,1.22,0.244,24.712,-0.489,-0.129,0.831,0.122,-0.244,0.793,250.739,-0.489,0.167,0.949,2.256,-0.061,0.61,351.84,-190,1,1,0,1,1,1,10,5,2,11
2018-07-09T13:42:52.418583,0.775,-0.454,-0.36,-0.793,0.915,0.976,340.735,-0.183,0.643,0.814,-0.854,-0.671,0.061,16.947,0.118,-0.519,0.908,1.463,1.28,0.183,24.712,-0.489,-0.129,0.831,0.793,0.122,1.098,250.739,-0.485,0.174,0.95,1.22,-0.061,0.427,351.84,-692,1,1,0,1,1,1,10,5,2,11
2018-07-09T13:42:52.468218,0.785,-0.443,-0.357,-0.183,0.732,1.098,340.735,-0.185,0.644,0.817,-1.159,-1.89,0.244,16.947,0.119,-0.514,0.91,0.549,0.244,-0.122,24.712,-0.474,-0.127,0.823,2.744,-0.732,0.122,250.739,-0.485,0.174,0.95,0,-0.732,0.366,351.84,-1219,1,1,0,1,1,1,10,5,2,11
2018-07-09T13:42:52.525875,0.783,-0.448,-0.358,0.244,0.915,0.976,340.735,-0.185,0.644,0.817,-1.28,-1.098,-0.427,16.947,0.12,-0.521,0.912,0.305,2.073,0.061,24.712,-0.483,-0.134,0.836,0.671,2.683,-1.89,250.739,-0.485,0.172,0.956,2.073,-0.244,-0.122,351.84,-265,1,1,0,1,1,1,10,5,2,11
2018-07-09T13:42:52.575008,0.783,-0.448,-0.358,-0.183,0.61,0.61,340.735,-0.175,0.654,0.814,-0.915,-0.427,0.122,16.947,0.12,-0.521,0.912,0.915,1.89,0.122,24.712,-0.483,-0.134,0.836,1.037,4.817,-1.159,250.739,-0.488,0.162,0.957,-0.305,0.122,0,351.84,164,1,1,0,1,1,1,10,5,2,11
2018-07-09T13:42:52.635172,0.777,-0.454,-0.361,-0.305,0.854,0.244,340.735,-0.175,0.647,0.812,-0.366,0.061,-0.183,16.947,0.113,-0.531,0.91,-0.122,0.244,0.305,24.712,-0.485,-0.134,0.831,3.415,4.207,0,250.739,-0.488,0.162,0.957,0.061,0.366,0.305,351.84,317,1,1,0,1,1,1,10,5,2,11
2018-07-09T13:42:52.692330,0.78,-0.45,-0.357,-0.549,0.793,0.061,340.735,-0.175,0.647,0.812,-0.732,1.037,-0.732,16.947,0.112,-0.52,0.899,0.061,0.427,0.244,24.712,-0.49,-0.127,0.817,3.659,6.159,2.866,250.739,-0.483,0.164,0.944,1.402,-0.61,0.671,351.84,499,1,1,0,1,1,1,10,5,2,11
2018-07-09T13:42:52.749484,0.782,-0.448,-0.359,-0.488,0.549,0.122,340.735,-0.183,0.64,0.811,-0.61,-0.061,-0.305,16.947,0.118,-0.518,0.908,0.427,2.988,0.488,24.712,-0.49,-0.127,0.817,4.695,3.11,2.805,250.739,-0.48,0.179,0.953,1.646,-1.402,1.159,351.84,1717,1,1,0,1,1,1,10,5,2,11
2018-07-09T13:42:52.813660,0.782,-0.448,-0.359,0.122,1.098,0.305,340.735,-0.191,0.649,0.819,-1.524,1.341,-0.61,16.947,0.118,-0.518,0.908,0.427,2.683,0.244,24.712,-0.503,-0.116,0.83,1.159,2.195,0.976,250.739,-0.48,0.18,0.96,1.829,-0.305,0.549,351.84,-622,1,1,0,1,1,1,10,5,2,11
2018-07-09T13:42:52.865800,0.781,-0.451,-0.358,0.244,1.159,0.488,340.735,-0.189,0.647,0.816,-1.463,0.061,-0.244,16.947,0.116,-0.522,0.916,0.61,1.22,0.183,24.712,-0.507,-0.118,0.828,1.28,2.805,-0.305,250.739,-0.48,0.18,0.96,0.671,-0.732,0.61,351.84,-503,1,1,0,1,1,1,10,5,2,11
2018-07-09T13:42:52.914937,0.779,-0.453,-0.355,0.244,1.098,0.427,340.735,-0.189,0.647,0.816,-1.22,-0.305,-0.122,16.947,0.111,-0.522,0.91,0.671,2.256,-0.183,24.712,-0.507,-0.118,0.828,0.793,1.159,0.244,250.739,-0.477,0.177,0.957,0.793,-0.488,0.732,351.84,-162,1,1,0,1,1,1,10,5,2,11
2018-07-09T13:42:52.975602,0.779,-0.453,-0.355,-0.061,0.854,0.366,340.735,-0.186,0.642,0.813,-1.768,-1.098,0.488,16.947,0.111,-0.522,0.91,0.671,1.402,0.122,24.712,-0.491,-0.118,0.819,2.439,-3.232,0.976,250.739,-0.479,0.171,0.951,0,-0.122,0.244,351.84,139,1,1,0,1,1,1,10,5,2,11
2018-07-09T13:42:53.051809,0.78,-0.453,-0.354,-0.854,0.366,0.488,348.075,-0.187,0.638,0.816,-2.195,0.427,-0.549,18.962,0.107,-0.519,0.904,-0.122,3.11,0.244,30.945,-0.493,-0.119,0.823,0.427,1.098,0.732,250.739,-0.48,0.178,0.957,1.463,-0.915,0.793,351.84,362,1,1,0,1,1,1,10,5,2,11
2018-07-09T13:42:53.124007,0.779,-0.454,-0.358,-0.976,0.366,-0.122,348.075,-0.185,0.646,0.818,-2.256,0.549,-0.427,18.962,0.104,-0.522,0.913,1.037,1.524,0,30.945,-0.5,-0.122,0.827,0.183,0.976,0.488,250.739,-0.479,0.176,0.958,0.549,-0.122,0.427,351.84,249,1,1,0,1,1,1,10,5,2,11
2018-07-09T13:42:53.168127,0.779,-0.453,-0.358,-0.854,0.366,-0.183,348.075,-0.194,0.642,0.819,-1.098,4.146,-0.976,18.962,0.104,-0.525,0.915,0.732,0.854,0.183,30.945,-0.5,-0.12,0.823,0.244,0.61,0.915,250.739,-0.479,0.176,0.958,1.585,0.183,0.549,351.84,169,1,1,0,1,1,1,10,5,2,11
2018-07-09T13:42:53.274416,0.779,-0.452,-0.358,-0.305,0.671,0.061,348.075,-0.205,0.64,0.813,-0.61,4.939,-1.037,18.962,0.108,-0.519,0.916,0.732,0.671,0.549,30.945,-0.502,-0.115,0.818,0.61,3.476,-0.122,250.739,-0.475,0.186,0.958,0.305,0.183,0.244,351.84,69,1,1,0,1,1,1,10,5,2,11
2018-07-09T13:42:53.325556,0.779,-0.452,-0.356,-0.305,0.732,0.244,348.075,-0.208,0.645,0.813,0,3.11,-1.524,18.962,0.107,-0.523,0.913,0.061,0.427,0.61,30.945,-0.503,-0.118,0.829,-0.122,1.159,0.366,250.739,-0.475,0.186,0.96,-2.378,0.61,0.244,351.84,152,1,1,0,1,1,1,10,5,2,11
2018-07-09T13:42:53.379702,0.779,-0.452,-0.356,-0.915,0.366,0.183,348.075,-0.208,0.645,0.813,0.122,1.585,-1.28,18.962,0.104,-0.525,0.911,0.427,-0.366,0.549,30.945,-0.503,-0.118,0.829,-0.122,2.073,-0.061,250.739,-0.477,0.17,0.957,-1.28,0.854,0.183,351.84,106,1,1,0,1,1,1,10,5,2,11
2018-07-09T13:42:53.417807,0.78,-0.453,-0.358,-0.671,0.549,0.061,348.075,-0.209,0.643,0.813,0.549,1.829,-1.341,18.962,0.104,-0.525,0.911,0.427,-0.366,0.549,30.945,-0.504,-0.121,0.82,0.61,1.524,-0.305,250.739,-0.477,0.17,0.957,1.524,1.524,0,351.84,102,1,1,0,1,1,1,10,5,2,11
2018-07-09T13:42:53.471453,0.779,-0.452,-0.357,-0.305,0.671,0.061,348.075,-0.209,0.643,0.813,0.854,2.683,-1.402,18.962,0.104,-0.522,0.915,-0.183,-0.061,0.671,30.945,-0.504,-0.121,0.82,0.732,1.402,-0.183,250.739,-0.479,0.179,0.955,0.732,1.22,0.061,351.84,145,1,1,0,1,1,1,10,5,2,11
2018-07-09T13:42:53.509055,0.779,-0.452,-0.357,-0.305,0.671,0.061,348.075,-0.214,0.641,0.81,0.976,1.524,-0.854,18.962,0.104,-0.522,0.915,-0.305,0.122,0.732,30.945,-0.507,-0.121,0.825,0.61,0,0.366,250.739,-0.479,0.179,0.955,-0.061,1.098,0.061,351.84,215,1,1,0,1,1,1,10,5,2,11
2018-07-09T13:42:53.558187,0.779,-0.452,-0.356,-0.366,0.671,0,348.075,-0.214,0.641,0.81,1.524,0.976,-0.793,18.962,0.103,-0.523,0.91,-0.793,0.488,0.793,30.945,-0.497,-0.121,0.817,1.098,-0.854,0.915,250.739,-0.48,0.176,0.951,0.671,1.402,-0.122,351.84,171,1,1,0,1,1,1,10,5,2,11
2018-07-09T13:42:53.603811,0.779,-0.452,-0.356,-0.427,0.61,0.061,348.075,-0.214,0.645,0.806,2.256,-0.61,-0.427,18.962,0.103,-0.523,0.91,0.488,-0.732,0.732,30.945,-0.497,-0.121,0.817,2.195,-1.89,0.671,250.739,-0.481,0.186,0.955,1.159,1.28,0.122,351.84,171,1,1,0,1,1,1,10,5,2,11
2018-07-09T13:42:53.662972,0.78,-0.453,-0.358,-0.732,0.427,0.244,348.075,-0.22,0.648,0.808,1.707,1.341,-1.037,18.962,0.107,-0.521,0.914,-0.61,0.427,0.671,30.945,-0.502,-0.117,0.824,0.061,-0.122,0.244,250.739,-0.481,0.186,0.955,2.195,1.159,-0.183,351.84,102,1,1,0,1,1,1,10,5,2,11
2018-07-09T13:42:53.716618,0.779,-0.455,-0.358,-0.549,0.549,0.061,348.075,-0.22,0.648,0.808,0.854,1.402,-0.976,18.962,0.104,-0.528,0.908,-0.122,-0.305,0.61,30.945,-0.502,-0.117,0.824,-1.159,0.549,-0.61,250.739,-0.48,0.178,0.953,-0.732,0.976,-0.244,351.84,115,1,1,0,1,1,1,10,5,2,11
2018-07-09T13:42:53.759235,0.779,-0.455,-0.358,-0.427,0.61,0,348.075,-0.215,0.651,0.8,1.159,0.976,-1.037,18.962,0.104,-0.528,0.908,-0.305,0,0.549,30.945,-0.497,-0.124,0.827,-0.305,-0.854,0.305,250.739,-0.48,0.178,0.953,-1.951,1.402,0,351.84,635,1,1,0,1,1,1,10,5,2,11
2018-07-09T13:42:53.805358,0.779,-0.454,-0.357,-0.549,0.732,-0.122,348.075,-0.22,0.65,0.797,0.854,1.524,-1.402,18.962,0.101,-0.528,0.904,0.488,0.915,0.061,30.945,-0.495,-0.124,0.821,-0.244,-1.402,1.28,250.739,-0.483,0.17,0.951,1.585,1.159,0.122,351.84,549,1,1,0,1,1,1,10,5,2,11
2018-07-09T13:42:53.854494,0.779,-0.454,-0.357,-0.61,0.488,-0.061,348.075,-0.22,0.65,0.797,0.671,1.341,-0.915,18.962,0.101,-0.528,0.904,0.183,0.61,0.427,30.945,-0.495,-0.124,0.821,1.037,-1.098,2.073,250.739,-0.481,0.187,0.953,0.915,1.22,0.244,351.84,10,1,1,0,1,1,1,10,5,2,11
2018-07-09T13:42:53.899615,0.781,-0.453,-0.355,-0.122,0.793,0.061,348.075,-0.231,0.651,0.8,0.732,0.976,-0.671,18.962,0.108,-0.525,0.911,-0.305,0.183,0.427,30.945,-0.499,-0.116,0.828,1.037,-0.427,0.244,250.739,-0.481,0.187,0.953,0.671,1.28,0,351.84,-1892,1,1,0,1,1,1,10,5,2,11
2018-07-09T13:42:53.960784,0.78,-0.454,-0.356,-0.61,0.61,0.183,348.075,-0.225,0.652,0.795,0.427,0.305,-0.427,18.962,0.104,-0.527,0.908,-0.061,0.244,0.427,30.945,-0.496,-0.124,0.828,-1.22,-0.366,0.122,250.739,-0.484,0.18,0.953,-0.305,1.524,-0.122,351.84,-361,1,1,0,1,1,1,10,5,2,11
2018-07-09T13:42:54.013427,0.78,-0.454,-0.356,-0.305,0.732,0.244,348.075,-0.225,0.652,0.795,0.427,0.549,-0.549,18.962,0.104,-0.527,0.908,-0.061,-0.061,0.122,30.945,-0.496,-0.124,0.828,0,0.244,-0.244,257.341,-0.485,0.178,0.949,0.854,1.402,0,357.705,84,1,1,0,1,1,1,10,5,2,11
2018-07-09T13:42:54.060054,0.779,-0.454,-0.356,0,0.793,0.244,348.075,-0.227,0.653,0.795,0.61,0.61,-0.488,18.962,0.102,-0.529,0.907,0.305,-0.488,0.183,30.945,-0.493,-0.124,0.825,0.732,0.854,-0.61,257.341,-0.485,0.178,0.949,0.305,1.402,0.061,357.705,305,1,1,0,1,1,1,10,5,2,11
2018-07-09T13:42:54.107180,0.779,-0.454,-0.356,0.122,1.098,0.122,348.075,-0.227,0.653,0.795,0.488,0.366,-0.244,18.962,0.104,-0.529,0.908,0.854,-0.366,-0.183,30.945,-0.493,-0.124,0.825,0.671,-1.463,-0.366,257.341,-0.487,0.178,0.95,-0.305,1.22,0.061,357.705,259,1,1,0,1,1,1,10,5,2,11
2018-07-09T13:42:54.155314,0.779,-0.455,-0.355,-0.244,0.793,0.061,348.075,-0.228,0.654,0.791,0.549,0.305,-0.305,18.962,0.104,-0.529,0.908,0.427,0,-0.61,30.945,-0.49,-0.124,0.832,1.037,-2.073,0.61,257.341,-0.487,0.178,0.95,0.183,1.524,-0.061,357.705,265,1,1,0,1,1,1,10,5,2,11
2018-07-09T13:42:54.200435,0.779,-0.457,-0.354,-0.427,0.793,0.122,348.075,-0.232,0.653,0.792,0.793,-0.488,0,18.962,0.105,-0.528,0.907,1.037,-1.098,-0.122,30.945,-0.483,-0.121,0.827,2.622,-2.622,0.549,257.341,-0.488,0.179,0.948,-0.61,1.159,0,357.705,307,1,1,0,1,1,1,10,5,2,11
2018-07-09T13:42:54.256589,0.779,-0.457,-0.354,-0.854,0.366,0.183,348.075,-0.232,0.653,0.792,0.732,-0.122,-0.244,18.962,0.105,-0.528,0.907,0.061,-0.183,0.427,30.945,-0.483,-0.121,0.827,-0.427,-0.671,-0.061,257.341,-0.488,0.179,0.946,0.061,0.793,-0.244,357.705,211,1,1,0,1,1,1,10,5,2,11
2018-07-09T13:42:54.314748,0.778,-0.457,-0.354,-1.098,0.488,0,348.075,-0.225,0.654,0.789,-0.305,-1.951,0,18.962,0.105,-0.526,0.902,0.732,-0.854,0.366,30.945,-0.484,-0.127,0.833,-0.427,2.744,-0.976,257.341,-0.488,0.179,0.946,-2.744,0,0.305,357.705,192,1,1,0,1,1,1,10,5,2,11
2018-07-09T13:42:54.352853,0.778,-0.457,-0.354,-1.768,0.244,0.122,348.075,-0.226,0.658,0.79,-0.671,-1.159,-0.488,18.962,0.103,-0.531,0.896,0.366,-0.183,0.122,30.945,-0.484,-0.127,0.833,-0.427,2.744,-0.976,257.341,-0.487,0.161,0.944,0.549,0.061,0.61,357.705,-66,1,1,0,1,1,1,10,5,2,11
2018-07-09T13:42:54.406997,0.78,-0.452,-0.36,-0.366,0.915,0.305,348.075,-0.226,0.658,0.79,-1.159,-0.61,-0.671,18.962,0.103,-0.531,0.896,0.915,0.183,-0.061,30.945,-0.488,-0.128,0.829,0.732,1.524,0,257.341,-0.485,0.193,0.952,5,0.183,0.61,357.705,49,1,1,0,1,1,1,10,5,2,11
2018-07-09T13:42:54.454627,0.781,-0.452,-0.357,0.244,1.098,0.427,348.075,-0.235,0.656,0.793,-1.341,-0.976,-0.427,18.962,0.112,-0.529,0.91,1.463,0.305,0,30.945,-0.488,-0.12,0.827,2.5,-0.366,1.28,257.341,-0.485,0.193,0.952,0.549,-0.122,0.488,357.705,-43,1,1,0,1,1,1,10,5,2,11
2018-07-09T13:42:54.524817,0.779,-0.456,-0.352,0.732,1.646,0.549,348.075,-0.228,0.656,0.792,-0.915,-2.5,-0.061,18.962,0.109,-0.526,0.908,0.976,0.854,0.244,30.945,-0.487,-0.124,0.836,0.244,-2.744,1.159,257.341,-0.486,0.185,0.949,0.549,0,0.122,357.705,89,1,1,0,1,1,1,10,5,2,11
2018-07-09T13:42:54.633110,0.779,-0.458,-0.351,0.122,1.037,0.305,348.075,-0.224,0.652,0.794,-1.341,-1.463,-0.305,18.962,0.103,-0.527,0.906,0.976,0.61,0,30.945,-0.489,-0.128,0.829,0.61,0.976,0.427,257.341,-0.489,0.184,0.945,1.829,-0.183,0.61,357.705,112,1,1,0,1,1,1,10,5,2,11
2018-07-09T13:42:54.683749,0.779,-0.457,-0.354,-0.793,0.366,-0.061,348.075,-0.226,0.651,0.797,-1.646,-2.195,-0.244,18.962,0.103,-0.523,0.91,1.524,1.037,-0.122,30.945,-0.489,-0.124,0.834,1.037,-0.915,1.28,257.341,-0.486,0.189,0.946,1.28,-0.366,0.61,357.705,-11,1,1,0,1,1,1,10,5,2,11
2018-07-09T13:42:54.732382,0.779,-0.457,-0.354,-0.61,0.366,-0.061,348.075,-0.226,0.651,0.797,-1.646,-2.317,-0.366,18.962,0.103,-0.523,0.91,1.098,1.28,0,30.945,-0.489,-0.124,0.834,0.183,-3.476,0.427,257.341,-0.485,0.189,0.947,1.22,-0.244,0.427,357.705,135,1,1,0,1,1,1,10,5,2,11
2018-07-09T13:42:54.776001,0.779,-0.457,-0.352,-0.732,0.61,-0.122,348.075,-0.225,0.653,0.797,-1.22,-1.585,-0.549,18.962,0.104,-0.527,0.911,1.707,0.488,0.244,30.945,-0.48,-0.122,0.829,1.28,-0.488,1.22,257.341,-0.485,0.189,0.947,0.671,-0.427,0.427,357.705,44,1,1,0,1,1,1,10,5,2,11
2018-07-09T13:42:54.823127,0.779,-0.457,-0.352,-1.707,-0.183,0.061,348.075,-0.226,0.652,0.798,-0.976,-2.256,-0.122,18.962,0.107,-0.521,0.91,1.037,0.915,0.122,30.945,-0.48,-0.122,0.829,2.5,-2.134,1.28,257.341,-0.481,0.198,0.952,2.012,-0.488,0.671,357.705,17,1,1,0,1,1,1,10,5,2,11
2018-07-09T13:42:54.876275,0.779,-0.457,-0.354,-1.707,0.061,0.061,348.075,-0.226,0.652,0.798,-1.646,-2.256,-0.244,18.962,0.107,-0.521,0.91,0.122,1.402,0.061,30.945,-0.482,-0.121,0.832,-0.549,1.098,-0.549,257.341,-0.481,0.198,0.952,1.159,-0.854,0.732,357.705,22,1,1,0,1,1,1,10,5,2,11
2018-07-09T13:42:54.929417,0.778,-0.455,-0.359,-2.622,-0.183,0.427,348.075,-0.218,0.654,0.796,-1.829,-2.683,0.061,18.962,0.103,-0.529,0.907,0.671,1.037,0.061,30.945,-0.481,-0.125,0.835,0.305,0.549,-0.976,257.341,-0.479,0.187,0.951,0.732,-0.244,0.427,357.705,1,1,1,0,1,1,1,10,5,2,11
2018-07-09T13:42:54.987579,0.778,-0.455,-0.359,-1.89,0.244,0.366,348.075,-0.219,0.651,0.8,-1.524,-0.915,-0.366,18.962,0.101,-0.527,0.91,1.037,0.366,0.122,30.945,-0.481,-0.125,0.835,0,1.159,0.183,257.341,-0.481,0.191,0.95,1.89,-0.122,0.732,357.705,241,1,1,0,1,1,1,10,5,2,11
2018-07-09T13:42:55.024678,0.78,-0.454,-0.359,-0.549,0.793,0.305,350.399,-0.219,0.651,0.8,-1.585,-1.098,-0.305,18.962,0.101,-0.527,0.91,1.098,0.488,0.183,26.667,-0.483,-0.125,0.832,-1.22,0.793,0.366,257.341,-0.481,0.191,0.95,-0.427,-1.098,1.341,357.705,65,1,1,0,1,1,1,10,5,2,11
2018-07-09T13:42:55.073814,0.78,-0.454,-0.359,0,0.976,0.244,350.399,-0.221,0.648,0.802,-1.098,-2.256,0.061,18.962,0.103,-0.522,0.912,0.976,0.549,0.244,26.667,-0.483,-0.123,0.832,0.915,1.341,0.366,257.341,-0.477,0.195,0.95,0.122,-0.549,0.366,357.705,92,1,1,0,1,1,1,10,5,2,11
2018-07-09T13:42:55.118935,0.778,-0.457,-0.355,0.305,1.22,0.183,350.399,-0.221,0.648,0.802,-0.793,-2.439,0.183,18.962,0.103,-0.522,0.912,0.793,1.585,0.61,26.667,-0.483,-0.123,0.832,-0.183,0.915,0.854,257.341,-0.477,0.195,0.95,0.793,-0.061,0.305,357.705,-54,1,1,0,1,1,1,10,5,2,11
2018-07-09T13:42:55.165063,0.777,-0.457,-0.354,0.183,0.976,0.488,350.399,-0.219,0.647,0.802,-1.402,-2.439,-0.061,18.962,0.1,-0.523,0.909,0.671,1.341,0.61,26.667,-0.491,-0.126,0.833,-0.915,3.476,1.098,257.341,-0.48,0.195,0.952,1.037,0.061,0.549,357.705,19,1,1,0,1,1,1,10,5,2,11
2018-07-09T13:42:55.224221,0.777,-0.457,-0.354,0.427,1.585,0.366,350.399,-0.219,0.647,0.807,-1.707,-0.915,-0.488,18.962,0.099,-0.525,0.912,-1.524,1.159,-0.61,26.667,-0.491,-0.126,0.833,-1.524,2.134,0.122,257.341,-0.478,0.196,0.952,-0.549,-0.976,0.671,357.705,6,1,1,0,1,1,1,10,5,2,11
2018-07-09T13:42:55.267342,0.778,-0.458,-0.353,-0.61,0.549,0.366,350.399,-0.219,0.647,0.807,-2.073,-1.28,-0.61,18.962,0.099,-0.525,0.912,-1.463,1.22,-0.732,26.667,-0.487,-0.128,0.825,-0.61,0.732,0.244,257.341,-0.478,0.196,0.952,1.951,0,0.305,357.705,-62,1,1,0,1,1,1,10,5,2,11
2018-07-09T13:42:55.305444,0.778,-0.458,-0.353,-0.671,0.427,0.244,350.399,-0.216,0.646,0.808,-1.768,-2.744,0,18.962,0.097,-0.527,0.915,-0.244,1.707,-0.244,26.667,-0.487,-0.128,0.825,0.671,1.951,0.427,257.341,-0.476,0.2,0.953,1.098,0.061,0.183,357.705,25,1,1,0,1,1,1,10,5,2,11
2018-07-09T13:42:55.352575,0.778,-0.458,-0.354,-0.671,0.549,0.122,350.399,-0.216,0.646,0.808,-1.159,-2.866,0.305,18.962,0.097,-0.527,0.915,-0.122,1.341,0.244,26.667,-0.487,-0.127,0.829,1.585,1.829,-0.488,257.341,-0.476,0.2,0.953,-0.488,-0.061,0.122,357.705,68,1,1,0,1,1,1,10,5,2,11
2018-07-09T13:42:55.401706,0.778,-0.458,-0.354,-1.159,0.305,0,350.399,-0.21,0.644,0.806,-1.22,-2.317,0.122,18.962,0.093,-0.53,0.904,-0.366,0.61,-0.061,26.667,-0.49,-0.128,0.828,2.317,1.829,-0.122,257.341,-0.477,0.191,0.95,0.244,0.122,0.183,357.705,-86,1,1,0,1,1,1,10,5,2,11
2018-07-09T13:42:55.447832,0.778,-0.457,-0.357,-0.427,0.549,-0.061,350.399,-0.21,0.644,0.806,-1.341,-1.768,-0.183,18.962,0.093,-0.53,0.904,0.305,0.854,0,26.667,-0.49,-0.128,0.828,2.683,1.829,0.976,257.341,-0.477,0.191,0.95,1.402,-0.061,0.488,357.705,-51,1,1,0,1,1,1,10,5,2,11
2018-07-09T13:42:55.503984,0.779,-0.457,-0.355,-0.244,0.793,0.122,350.399,-0.215,0.646,0.809,-0.61,-0.122,-0.61,18.962,0.095,-0.528,0.91,0.976,1.159,0.488,26.667,-0.499,-0.12,0.829,3.049,2.805,0.976,257.341,-0.475,0.2,0.955,0.732,0.061,0.305,357.705,65,1,1,0,1,1,1,10,5,2,11
2018-07-09T13:42:55.543091,0.779,-0.457,-0.355,-0.549,0.488,0.183,350.399,-0.218,0.65,0.808,-0.244,0.976,-0.854,18.962,0.099,-0.531,0.917,0.976,0.366,0.61,26.667,-0.499,-0.12,0.829,1.89,3.232,-0.305,257.341,-0.476,0.202,0.958,0.915,0.671,0.122,357.705,77,1,1,0,1,1,1,10,5,2,11
2018-07-09T13:42:55.588214,0.778,-0.457,-0.356,-0.61,0.488,0.122,350.399,-0.218,0.65,0.808,0.183,1.037,-0.488,18.962,0.099,-0.531,0.917,0.671,-0.305,0.732,26.667,-0.493,-0.12,0.823,2.622,-2.561,0.122,257.341,-0.476,0.202,0.958,-1.524,0.427,0,357.705,41,1,1,0,1,1,1,10,5,2,11
2018-07-09T13:42:55.633335,0.778,-0.457,-0.356,-0.305,0.671,0.122,350.399,-0.22,0.646,0.805,0.671,0.854,-0.061,18.962,0.095,-0.528,0.91,0.488,-0.793,1.037,26.667,-0.492,-0.121,0.825,0.122,3.232,0.183,257.341,-0.477,0.196,0.953,-0.671,1.402,0,357.705,139,1,1,0,1,1,1,10,5,2,11
2018-07-09T13:42:55.684478,0.778,-0.458,-0.354,-0.305,0.732,0.183,350.399,-0.22,0.646,0.805,0.488,1.768,-0.854,18.962,0.095,-0.528,0.91,-0.488,0,0.549,26.667,-0.492,-0.121,0.825,-0.427,1.402,0.671,257.341,-0.477,0.196,0.953,1.22,0.976,-0.305,357.705,67,1,1,0,1,1,1,10,5,2,11
2018-07-09T13:42:55.727594,0.778,-0.458,-0.354,-0.427,0.671,0,350.399,-0.22,0.647,0.801,0.122,1.768,-0.976,18.962,0.094,-0.531,0.909,-0.305,0,0.305,26.667,-0.498,-0.123,0.825,-0.549,2.073,0.244,257.341,-0.478,0.194,0.946,-0.549,1.037,-0.122,357.705,180,1,1,0,1,1,1,10,5,2,11
2018-07-09T13:42:55.787761,0.778,-0.458,-0.354,-0.305,0.793,0,350.399,-0.221,0.647,0.801,0.915,1.341,-0.854,18.962,0.092,-0.53,0.907,0.122,-0.244,0.793,26.667,-0.498,-0.124,0.825,0.183,0.122,0.793,257.341,-0.479,0.194,0.949,0.549,1.402,0.122,357.705,108,1,1,0,1,1,1,10,5,2,11
2018-07-09T13:42:55.847423,0.778,-0.457,-0.355,-0.366,0.61,-0.061,350.399,-0.23,0.65,0.801,0.915,1.037,-0.671,18.962,0.092,-0.53,0.907,0.488,-0.366,0.61,26.667,-0.498,-0.124,0.825,0.244,-1.098,1.402,257.341,-0.479,0.194,0.949,0.854,1.098,0.122,357.705,44,1,1,0,1,1,1,10,5,2,11
2018-07-09T13:42:55.888035,0.779,-0.457,-0.354,-0.427,0.732,0.061,350.399,-0.23,0.65,0.801,1.098,0.427,-0.427,18.962,0.099,-0.528,0.911,0.488,-0.61,0.732,26.667,-0.497,-0.118,0.825,1.402,0.244,0.793,257.341,-0.477,0.202,0.953,-0.061,1.098,0.122,357.705,58,1,1,0,1,1,1,10,5,2,11
2018-07-09T13:42:55.936667,0.779,-0.457,-0.354,-0.488,0.61,0.183,350.399,-0.229,0.652,0.798,0.732,0.549,-0.488,18.962,0.097,-0.53,0.908,-0.244,0.366,0.793,26.667,-0.497,-0.118,0.825,1.098,-2.378,0.305,257.341,-0.481,0.194,0.95,-0.549,1.585,-0.122,357.705,139,1,1,0,1,1,1,10,5,2,11
2018-07-09T13:42:56.044461,0.779,-0.457,-0.355,-0.671,0.427,0.183,350.399,-0.226,0.649,0.793,0.61,0.488,-0.549,18.962,0.093,-0.533,0.904,-0.122,0,0.427,26.667,-0.486,-0.126,0.825,-0.671,-1.22,-0.427,261.988,-0.481,0.195,0.949,0.366,1.341,-0.061,357.705,69,1,1,0,1,1,1,10,5,2,11
2018-07-09T13:42:56.096603,0.778,-0.458,-0.355,-0.671,0.427,0.061,350.399,-0.232,0.651,0.794,0.61,0.671,-0.244,18.962,0.096,-0.534,0.907,0,-0.793,0.366,26.667,-0.486,-0.126,0.825,-0.732,-1.28,0,261.988,-0.483,0.193,0.948,-0.793,1.341,0.061,357.705,13,1,1,0,1,1,1,10,5,2,11
2018-07-09T13:42:56.151753,0.778,-0.458,-0.354,-0.366,0.732,0.061,350.399,-0.232,0.651,0.794,0.671,0.671,-0.305,18.962,0.096,-0.534,0.907,-0.244,-0.061,0.488,26.667,-0.484,-0.125,0.831,0.305,-0.244,0.427,261.988,-0.483,0.193,0.948,-0.122,1.524,0,357.705,84,1,1,0,1,1,1,10,5,2,11
2018-07-09T13:42:56.201890,0.778,-0.458,-0.354,-0.427,0.854,0.061,350.399,-0.233,0.655,0.793,0.976,0.427,-0.488,18.962,0.097,-0.533,0.908,-0.183,0.122,0.427,26.667,-0.487,-0.126,0.831,0.671,-0.183,0.549,261.988,-0.484,0.194,0.948,-0.305,1.463,-0.061,357.705,202,1,1,0,1,1,1,10,5,2,11
2018-07-09T13:42:56.244506,0.779,-0.457,-0.353,-0.732,0.488,0.122,350.399,-0.232,0.656,0.79,0.671,0.793,-0.427,18.962,0.097,-0.533,0.908,-0.183,-0.122,0.244,26.667,-0.487,-0.126,0.831,0.915,0.732,0.122,261.988,-0.484,0.194,0.948,-0.305,1.402,0,357.705,-9,1,1,0,1,1,1,10,5,2,11
2018-07-09T13:42:56.291131,0.777,-0.457,-0.354,-0.732,0.488,0.061,350.399,-0.232,0.656,0.79,0.793,0.488,-0.305,18.962,0.097,-0.534,0.904,0.122,-0.122,-0.244,26.667,-0.491,-0.124,0.834,1.098,0.488,-0.366,261.988,-0.484,0.193,0.948,-0.488,1.463,0.122,357.705,-184,1,1,0,1,1,1,10,5,2,11
2018-07-09T13:42:56.339761,0.777,-0.457,-0.354,-0.793,0.488,0.061,350.399,-0.235,0.657,0.787,0.854,1.28,-0.366,18.962,0.097,-0.535,0.904,-0.427,-0.244,0.61,26.667,-0.491,-0.124,0.834,0.427,-1.585,-0.976,261.988,-0.487,0.189,0.946,-0.915,1.341,-0.122,357.705,-53,1,1,0,1,1,1,10,5,2,11
2018-07-09T13:42:56.386387,0.779,-0.458,-0.355,-0.61,0.61,0,350.399,-0.235,0.657,0.787,0.61,0.183,0,18.962,0.097,-0.535,0.904,0.244,-0.732,0.549,26.667,-0.478,-0.124,0.825,3.11,-2.744,0,261.988,-0.487,0.189,0.946,0,1.463,0.061,357.705,-54,1,1,0,1,1,1,10,5,2,11
2018-07-09T13:42:56.441534,0.779,-0.458,-0.355,-0.488,0.549,0.305,350.399,-0.241,0.657,0.789,1.28,0.732,-0.366,18.962,0.101,-0.533,0.91,-0.122,-0.061,0.549,26.667,-0.481,-0.124,0.837,-0.122,-0.366,-0.244,261.988,-0.49,0.198,0.947,1.463,1.829,-0.244,357.705,86,1,1,0,1,1,1,10,5,2,11
2018-07-09T13:42:56.484650,0.777,-0.458,-0.356,-0.488,0.61,0.244,350.399,-0.234,0.66,0.783,0.976,-0.305,-0.061,18.962,0.101,-0.533,0.91,0.671,-0.244,0.671,26.667,-0.481,-0.124,0.837,-1.829,0.183,-0.427,261.988,-0.49,0.198,0.947,-0.61,1.341,-0.427,357.705,131,1,1,0,1,1,1,10,5,2,11
2018-07-09T13:42:56.542805,0.777,-0.459,-0.349,-1.159,0.488,-0.427,350.399,-0.234,0.66,0.783,0.793,-0.488,0,18.962,0.097,-0.538,0.9,-0.366,-0.427,0.366,26.667,-0.476,-0.13,0.834,-1.098,-0.793,0,261.988,-0.488,0.182,0.944,-0.305,1.524,-0.183,357.705,146,1,1,0,1,1,1,10,5,2,11
2018-07-09T13:42:56.598956,0.777,-0.459,-0.349,-3.598,-0.61,-0.61,350.399,-0.235,0.661,0.779,-0.061,0,-0.244,18.962,0.098,-0.538,0.898,0.488,-0.732,0.244,26.667,-0.478,-0.129,0.831,-0.671,0.244,0.305,261.988,-0.492,0.19,0.945,0.915,1.585,-0.183,357.705,21,1,1,0,1,1,1,10,5,2,11
2018-07-09T13:42:56.655610,0.779,-0.454,-0.36,-2.622,-0.61,-0.549,350.399,-0.239,0.658,0.783,0.183,-0.305,-0.122,18.962,0.099,-0.534,0.907,-0.427,0.183,0.244,26.667,-0.478,-0.129,0.831,0.366,-1.646,0.976,261.988,-0.492,0.19,0.945,-0.366,1.646,-0.061,357.705,-10,1,1,0,1,1,1,10,5,2,11
2018-07-09T13:42:56.706746,0.777,-0.453,-0.364,-2.317,-0.244,-0.366,350.399,-0.239,0.658,0.783,0.854,-0.793,-0.244,18.962,0.099,-0.534,0.907,-0.793,0.122,0.122,26.667,-0.479,-0.128,0.834,0.183,-2.439,0.366,261.988,-0.495,0.193,0.942,-0.305,0.793,-0.244,357.705,36,1,1,0,1,1,1,10,5,2,11
2018-07-09T13:42:56.761899,0.777,-0.453,-0.364,-2.073,-0.366,-0.061,350.399,-0.238,0.664,0.783,0.122,-0.549,-0.244,18.962,0.102,-0.539,0.901,-0.488,-0.305,0.305,26.667,-0.478,-0.13,0.835,-1.098,0.61,0,261.988,-0.492,0.186,0.943,-0.305,1.22,-0.122,357.705,80,1,1,0,1,1,1,10,5,2,11
2018-07-09T13:42:56.822062,0.777,-0.453,-0.363,0.061,0.915,0.366,350.399,-0.236,0.663,0.779,0.183,-0.61,-0.061,18.962,0.099,-0.539,0.896,0.122,-0.244,0.427,26.667,-0.475,-0.131,0.835,0.366,-1.098,-0.183,261.988,-0.492,0.183,0.938,-0.549,0.793,-0.061,357.705,89,1,1,0,1,1,1,10,5,2,11
2018-07-09T13:42:56.885234,0.778,-0.454,-0.361,-0.122,0.793,0.244,350.399,-0.236,0.659,0.778,-0.732,-1.951,0.061,18.962,0.099,-0.539,0.896,-0.061,0,0.427,26.667,-0.475,-0.131,0.835,0.549,-1.159,0.244,261.988,-0.492,0.183,0.938,-0.244,0.122,0.183,357.705,48,1,1,0,1,1,1,10,5,2,11
2018-07-09T13:42:56.932364,0.777,-0.455,-0.361,-0.061,0.915,0.427,350.399,-0.236,0.659,0.778,-1.341,-1.28,-0.427,18.962,0.098,-0.537,0.892,1.646,0.427,0.122,26.667,-0.474,-0.129,0.837,1.402,0.488,0.488,261.988,-0.492,0.187,0.941,1.524,0.061,0.549,357.705,210,1,1,0,1,1,1,10,5,2,11
2018-07-09T13:42:56.990520,0.777,-0.455,-0.361,-0.183,0.976,0.366,350.399,-0.237,0.664,0.781,-1.22,-1.341,-0.488,18.962,0.102,-0.539,0.903,1.646,0.061,0.061,26.667,-0.475,-0.129,0.84,0.61,-3.049,-0.305,261.988,-0.491,0.189,0.946,0.671,-0.549,0.366,357.705,217,1,1,0,1,1,1,10,5,2,11
2018-07-09T13:42:57.041399,0.776,-0.452,-0.363,-0.61,0.671,0.183,348.075,-0.239,0.662,0.786,-1.524,-2.256,0.122,18.962,0.102,-0.539,0.903,1.402,-0.122,0.183,22.388,-0.475,-0.129,0.84,1.707,-1.524,0.976,261.988,-0.491,0.189,0.946,0.427,0,0.61,357.705,-41,1,1,0,1,1,1,10,5,2,11
2018-07-09T13:42:57.087523,0.776,-0.452,-0.363,-0.488,0.366,0.366,348.075,-0.239,0.662,0.786,-0.976,-2.195,-0.122,18.962,0.101,-0.534,0.906,1.585,0.122,0,22.388,-0.467,-0.125,0.837,2.561,-2.195,1.098,261.988,-0.491,0.196,0.942,1.89,-0.244,0.549,357.705,-38,1,1,0,1,1,1,10,5,2,11
2018-07-09T13:42:57.135657,0.777,-0.456,-0.359,0.671,0.915,0.244,348.075,-0.234,0.659,0.784,-1.707,-3.232,-0.244,18.962,0.096,-0.536,0.898,1.585,1.098,-0.122,22.388,-0.466,-0.132,0.842,-1.037,1.098,0.061,261.988,-0.491,0.196,0.942,0.488,-0.793,0.061,357.705,-35,1,1,0,1,1,1,10,5,2,11
2018-07-09T13:42:57.181781,0.777,-0.458,-0.358,0.305,0.61,0.122,348.075,-0.234,0.659,0.784,-2.622,-3.78,-0.183,18.962,0.096,-0.536,0.898,2.195,1.037,-0.427,22.388,-0.466,-0.132,0.842,-0.183,0.549,0.549,261.988,-0.49,0.184,0.941,1.646,-0.244,0.671,357.705,-74,1,1,0,1,1,1,10,5,2,11
2018-07-09T13:42:57.229915,0.777,-0.458,-0.358,-0.183,0.732,-0.061,348.075,-0.226,0.661,0.785,-1.402,-2.073,-0.61,18.962,0.094,-0.538,0.908,2.744,1.707,-0.427,22.388,-0.472,-0.132,0.84,-0.305,0.427,1.28,261.988,-0.494,0.198,0.949,1.89,-0.305,0.732,357.705,-35,1,1,0,1,1,1,10,5,2,11
2018-07-09T13:42:57.282055,0.776,-0.455,-0.359,-0.488,0.732,-0.122,348.075,-0.233,0.658,0.786,-1.524,-0.976,-0.732,18.962,0.094,-0.538,0.908,1.646,1.524,-0.122,22.388,-0.472,-0.132,0.84,-0.488,-0.61,1.646,261.988,-0.494,0.198,0.949,1.585,-0.793,0.671,357.705,-83,1,1,0,1,1,1,10,5,2,11
2018-07-09T13:42:57.410906,0.776,-0.453,-0.362,-0.183,0.183,-0.061,348.075,-0.237,0.661,0.792,-1.585,-2.561,-0.122,18.962,0.104,-0.532,0.908,1.037,0.976,0.183,22.388,-0.465,-0.123,0.842,0.61,-1.159,1.159,261.988,-0.482,0.196,0.947,1.037,-0.061,0.305,357.705,60,1,1,0,1,1,1,10,5,2,11
2018-07-09T13:42:57.462548,0.778,-0.457,-0.353,-3.232,-0.793,0.061,348.075,-0.228,0.655,0.79,-1.951,-4.024,-0.061,18.962,0.09,-0.53,0.905,2.073,2.378,0,22.388,-0.468,-0.133,0.843,-0.122,0.854,0.244,261.988,-0.492,0.196,0.945,0.793,-0.061,0.183,357.705,19,1,1,0,1,1,1,10,5,2,11
2018-07-09T13:42:57.509674,0.775,-0.457,-0.368,-1.402,-0.183,0.244,348.075,-0.219,0.653,0.792,-1.22,-3.963,-0.244,18.962,0.09,-0.53,0.905,1.951,2.805,-0.305,22.388,-0.468,-0.133,0.843,-0.122,-0.671,0.793,261.988,-0.492,0.196,0.945,1.159,-0.427,0.671,357.705,91,1,1,0,1,1,1,10,5,2,11
2018-07-09T13:42:57.557806,0.775,-0.457,-0.368,0.854,1.646,0.122,348.075,-0.219,0.653,0.792,-1.037,-2.927,-0.305,18.962,0.087,-0.531,0.911,1.22,3.049,-0.427,22.388,-0.468,-0.133,0.837,0.122,0,0.915,261.988,-0.486,0.201,0.946,1.707,-0.854,0.549,357.705,50,1,1,0,1,1,1,10,5,2,11
2018-07-09T13:42:57.614961,0.776,-0.456,-0.362,0.061,0.854,0.427,348.075,-0.224,0.656,0.794,-1.22,-1.89,-0.244,18.962,0.093,-0.53,0.908,0.427,0.549,0,22.388,-0.469,-0.127,0.841,0.854,-1.585,0.366,261.988,-0.486,0.201,0.946,0.915,-0.488,0.549,357.705,80,1,1,0,1,1,1,10,5,2,11
2018-07-09T13:42:57.677130,0.776,-0.456,-0.356,0.305,1.22,0.244,348.075,-0.226,0.656,0.793,-1.22,-1.402,-0.305,18.962,0.093,-0.53,0.908,-0.244,1.829,0.061,22.388,-0.469,-0.127,0.841,0.427,-2.378,-0.549,261.988,-0.478,0.202,0.948,0.915,-0.427,0.549,357.705,-12,1,1,0,1,1,1,10,5,2,11
2018-07-09T13:42:57.732282,0.776,-0.456,-0.356,-0.793,0.488,0.244,348.075,-0.226,0.656,0.793,-1.463,-2.683,0.122,18.962,0.092,-0.531,0.911,0.427,1.829,0.183,22.388,-0.458,-0.123,0.84,1.768,0.976,0.61,261.988,-0.481,0.205,0.95,0.732,-0.244,0.488,357.705,23,1,1,0,1,1,1,10,5,2,11
2018-07-09T13:42:57.775397,0.775,-0.457,-0.359,-1.707,0.061,0.122,348.075,-0.227,0.652,0.798,-0.793,-2.622,0.183,18.962,0.087,-0.529,0.91,-0.122,2.073,0.122,22.388,-0.461,-0.127,0.844,-0.488,0.122,0.549,261.988,-0.481,0.205,0.95,1.098,-0.305,0.427,357.705,118,1,1,0,1,1,1,10,5,2,11
2018-07-09T13:42:57.831553,0.775,-0.456,-0.365,-1.89,-0.183,0,348.075,-0.212,0.655,0.794,-2.012,-3.049,0.122,18.962,0.087,-0.529,0.91,0.915,1.098,0.183,22.388,-0.461,-0.127,0.844,-0.671,3.11,-0.732,261.988,-0.48,0.198,0.946,-0.305,-0.488,0.305,357.705,133,1,1,0,1,1,1,10,5,2,11
2018-07-09T13:42:57.876673,0.775,-0.456,-0.365,-0.854,0.488,-0.122,348.075,-0.212,0.655,0.794,-1.646,-2.378,0.061,18.962,0.081,-0.535,0.903,0.854,0.732,0.244,22.388,-0.462,-0.133,0.844,-0.061,0.976,-0.122,261.988,-0.481,0.194,0.947,0.854,-0.244,0.671,357.705,91,1,1,0,1,1,1,10,5,2,11
2018-07-09T13:42:57.928818,0.775,-0.456,-0.363,-0.549,0.61,-0.122,348.075,-0.216,0.652,0.8,-1.768,-1.22,-0.549,18.962,0.081,-0.535,0.903,1.098,0.793,0.244,22.388,-0.462,-0.133,0.844,0.305,1.585,1.28,261.988,-0.481,0.194,0.947,2.317,-0.366,0.793,357.705,-11,1,1,0,1,1,1,10,5,2,11
2018-07-09T13:42:57.985971,0.776,-0.455,-0.361,-0.183,0.854,0.122,348.075,-0.224,0.65,0.803,-1.22,-0.854,-0.305,18.962,0.084,-0.53,0.911,0.427,1.646,0.305,22.388,-0.467,-0.127,0.837,1.463,1.646,1.22,261.988,-0.479,0.212,0.953,0.366,-0.183,0.366,357.705,23,1,1,0,1,1,1,10,5,2,11
2018-07-09T13:42:58.025078,0.776,-0.455,-0.361,-0.183,0.854,0.183,348.075,-0.224,0.65,0.803,-0.915,-0.915,-0.183,18.962,0.086,-0.529,0.917,0.671,0.305,0.366,22.388,-0.47,-0.122,0.841,1.646,2.073,0,261.988,-0.478,0.209,0.953,0.366,0.122,0.183,357.705,300,1,1,0,1,1,1,10,5,2,11
2018-07-09T13:42:58.075214,0.776,-0.455,-0.36,-0.305,0.854,0.244,348.075,-0.223,0.654,0.803,-0.549,-0.244,-0.427,18.962,0.086,-0.529,0.917,0.427,0.427,0.427,22.388,-0.47,-0.122,0.841,0.793,-0.061,0.732,261.988,-0.478,0.209,0.953,0.122,0.549,0.061,357.705,221,1,1,0,1,1,1,10,5,2,11
2018-07-09T13:42:58.119836,0.776,-0.455,-0.36,-0.488,0.61,0.366,348.075,-0.223,0.654,0.803,-0.366,0.122,-0.671,18.962,0.084,-0.533,0.915,0.488,0.305,0.488,22.388,-0.469,-0.126,0.844,0.549,0.732,0.305,261.988,-0.481,0.205,0.948,0.305,0.915,0,357.705,453,1,1,0,1,1,1,10,5,2,11
2018-07-09T13:42:58.165461,0.776,-0.457,-0.362,-0.671,0.427,0.183,348.075,-0.218,0.652,0.798,0.061,0.61,-0.671,18.962,0.084,-0.533,0.915,0.427,0.061,0.549,22.388,-0.469,-0.126,0.844,0.549,1.28,-0.671,261.988,-0.481,0.205,0.948,-0.549,1.159,0,357.705,106,1,1,0,1,1,1,10,5,2,11
2018-07-09T13:42:58.223619,0.776,-0.457,-0.362,-0.183,0.854,0,348.075,-0.222,0.651,0.797,0.915,1.585,-0.793,18.962,0.08,-0.533,0.91,-0.061,-0.305,0.793,22.388,-0.465,-0.129,0.838,0.732,-0.61,0.183,261.988,-0.48,0.201,0.947,-0.305,1.037,0,357.705,-121,1,1,0,1,1,1,10,5,2,11
